0 0 1.70039 5.98873 4.00792 
0.005 0.0299436 1.72043 5.96268 3.94145 
0.01 0.059757 1.74014 5.93695 3.87541 
0.015 0.0894418 1.75952 5.91154 3.80979 
0.02 0.118999 1.77857 5.88644 3.74459 
0.025 0.148432 1.79729 5.86165 3.67978 
0.03 0.17774 1.81569 5.83717 3.61538 
0.035 0.206926 1.83376 5.81297 3.55136 
0.04 0.235991 1.85152 5.78907 3.48772 
0.045 0.264936 1.86896 5.76545 3.42446 
0.05 0.293763 1.88608 5.74211 3.36157 
0.055 0.322474 1.90289 5.71905 3.29903 
0.06 0.351069 1.91938 5.69626 3.23685 
0.065 0.37955 1.93557 5.67373 3.17501 
0.07 0.407919 1.95144 5.65146 3.11352 
0.075 0.436176 1.96701 5.62945 3.05236 
0.08 0.464324 1.98227 5.60769 2.99153 
0.085 0.492362 1.99723 5.58617 2.93102 
0.09 0.520293 2.01189 5.5649 2.87082 
0.095 0.548117 2.02624 5.54387 2.81094 
0.1 0.575837 2.04029 5.52307 2.75136 
0.105 0.603452 2.05405 5.50249 2.69208 
0.11 0.630965 2.06751 5.48215 2.63309 
0.115 0.658375 2.08068 5.46202 2.57439 
0.12 0.685685 2.09355 5.44211 2.51597 
0.125 0.712896 2.10613 5.42242 2.45783 
0.13 0.740008 2.11842 5.40293 2.39997 
0.135 0.767023 2.13042 5.38365 2.34237 
0.14 0.793941 2.14213 5.36457 2.28503 
0.145 0.820764 2.15356 5.34569 2.22796 
0.15 0.847492 2.1647 5.327 2.17114 
0.155 0.874127 2.17555 5.3085 2.11456 
0.16 0.90067 2.18612 5.29019 2.05824 
0.165 0.927121 2.19641 5.27206 2.00215 
0.17 0.953481 2.20643 5.25411 1.9463 
0.175 0.979752 2.21616 5.23634 1.89068 
0.18 1.00593 2.22561 5.21875 1.8353 
0.185 1.03203 2.23479 5.20132 1.78014 
0.19 1.05803 2.24369 5.18406 1.7252 
0.195 1.08395 2.25231 5.16696 1.67047 
0.2 1.10979 2.26067 5.15002 1.61596 
0.205 1.13554 2.26875 5.13324 1.56166 
0.21 1.16121 2.27655 5.11662 1.50757 
0.215 1.18679 2.28409 5.10014 1.45369 
0.22 1.21229 2.29136 5.08382 1.4 
0.225 1.23771 2.29836 5.06763 1.34651 
0.23 1.26305 2.30509 5.05159 1.29321 
0.235 1.2883 2.31156 5.03569 1.24011 
0.24 1.31348 2.31776 5.01993 1.18719 
0.245 1.33858 2.3237 5.0043 1.13446 
0.25 1.3636 2.32937 4.9888 1.08192 
0.255 1.38855 2.33478 4.97342 1.02955 
0.26 1.41341 2.33993 4.95818 0.977361 
0.265 1.43821 2.34481 4.94305 0.925346 
0.27 1.46292 2.34944 4.92805 0.873504 
0.275 1.48756 2.35381 4.91316 0.821832 
0.28 1.51213 2.35792 4.89838 0.770327 
0.285 1.53662 2.36177 4.88372 0.718988 
0.29 1.56104 2.36536 4.86917 0.667812 
0.295 1.58538 2.3687 4.85472 0.616798 
0.3 1.60966 2.37178 4.84038 0.565943 
0.305 1.63386 2.37461 4.82614 0.515244 
0.31 1.65799 2.37719 4.812 0.464702 
0.315 1.68205 2.37951 4.79796 0.414312 
0.32 1.70604 2.38159 4.78401 0.364075 
0.325 1.72996 2.38341 4.77016 0.313987 
0.33 1.75381 2.38498 4.75639 0.264048 
0.335 1.77759 2.3863 4.74271 0.214255 
0.34 1.80131 2.38737 4.72912 0.164608 
0.345 1.82495 2.38819 4.71561 0.115104 
0.35 1.84853 2.38877 4.70219 0.0657433 
0.355 1.87204 2.3891 4.68884 0.0165234 
0.36 1.89548 2.38918 4.67557 -0.0325566 
0.365 1.91886 2.38901 4.66237 -0.0814979 
0.37 1.94217 2.38861 4.64925 -0.130302 
0.375 1.96542 2.38796 4.63619 -0.178969 
0.38 1.9886 2.38706 4.62321 -0.227501 
0.385 2.01172 2.38592 4.61029 -0.275899 
0.39 2.03477 2.38454 4.59744 -0.324163 
0.395 2.05776 2.38292 4.58465 -0.372294 
0.4 2.08068 2.38106 4.57192 -0.420294 
0.405 2.10354 2.37896 4.55925 -0.468162 
0.41 2.12634 2.37662 4.54663 -0.5159 
0.415 2.14907 2.37404 4.53407 -0.563508 
0.42 2.17174 2.37122 4.52157 -0.610988 
0.425 2.19435 2.36817 4.50912 -0.658338 
0.43 2.21689 2.36488 4.49671 -0.70556 
0.435 2.23938 2.36135 4.48436 -0.752655 
0.44 2.2618 2.35758 4.47205 -0.799622 
0.445 2.28416 2.35359 4.45979 -0.846463 
0.45 2.30646 2.34935 4.44756 -0.893177 
0.455 2.32869 2.34489 4.43539 -0.939764 
0.46 2.35087 2.34019 4.42325 -0.986225 
0.465 2.37299 2.33526 4.41115 -1.03256 
0.47 2.39504 2.3301 4.39908 -1.07877 
0.475 2.41704 2.3247 4.38706 -1.12485 
0.48 2.43897 2.31908 4.37506 -1.17081 
0.485 2.46085 2.31322 4.3631 -1.21664 
0.49 2.48266 2.30714 4.35117 -1.26235 
0.495 2.50442 2.30083 4.33927 -1.30793 
0.5 2.52612 2.29429 4.3274 -1.35339 
0.505 2.54775 2.28752 4.31556 -1.39872 
0.51 2.56933 2.28053 4.30374 -1.44392 
0.515 2.59085 2.27331 4.29194 -1.489 
0.52 2.61231 2.26586 4.28017 -1.53395 
0.525 2.63371 2.25819 4.26843 -1.57877 
0.53 2.65505 2.2503 4.2567 -1.62346 
0.535 2.67634 2.24218 4.24499 -1.66803 
0.54 2.69756 2.23384 4.23331 -1.71247 
0.545 2.71873 2.22528 4.22164 -1.75679 
0.55 2.73984 2.2165 4.20999 -1.80097 
0.555 2.76089 2.20749 4.19835 -1.84503 
0.56 2.78188 2.19827 4.18673 -1.88895 
0.565 2.80281 2.18882 4.17512 -1.93275 
0.57 2.82369 2.17916 4.16352 -1.97641 
0.575 2.84451 2.16928 4.15194 -2.01995 
0.58 2.86526 2.15918 4.14037 -2.06335 
0.585 2.88597 2.14886 4.12881 -2.10662 
0.59 2.90661 2.13833 4.11725 -2.14976 
0.595 2.9272 2.12758 4.10571 -2.19277 
0.6 2.94773 2.11661 4.09417 -2.23564 
0.605 2.9682 2.10544 4.08265 -2.27838 
0.61 2.98861 2.09404 4.07112 -2.32098 
0.615 3.00897 2.08244 4.05961 -2.36345 
0.62 3.02926 2.07062 4.0481 -2.40578 
0.625 3.0495 2.05859 4.03659 -2.44797 
0.63 3.06969 2.04635 4.02508 -2.49003 
0.635 3.08981 2.0339 4.01358 -2.53195 
0.64 3.10988 2.02124 4.00209 -2.57373 
0.645 3.12989 2.00837 3.99059 -2.61537 
0.65 3.14984 1.9953 3.9791 -2.65687 
0.655 3.16974 1.98201 3.96761 -2.69823 
0.66 3.18958 1.96852 3.95612 -2.73945 
0.665 3.20936 1.95482 3.94462 -2.78053 
0.67 3.22908 1.94092 3.93313 -2.82146 
0.675 3.24875 1.92681 3.92164 -2.86225 
0.68 3.26835 1.9125 3.91015 -2.90289 
0.685 3.28791 1.89799 3.89865 -2.94339 
0.69 3.3074 1.88327 3.88716 -2.98375 
0.695 3.32683 1.86835 3.87566 -3.02395 
0.7 3.34621 1.85323 3.86416 -3.06401 
0.705 3.36553 1.83791 3.85265 -3.10393 
0.71 3.3848 1.82239 3.84115 -3.14369 
0.715 3.404 1.80668 3.82964 -3.1833 
0.72 3.42315 1.79076 3.81813 -3.22277 
0.725 3.44224 1.77464 3.80661 -3.26208 
0.73 3.46127 1.75833 3.79509 -3.30124 
0.735 3.48025 1.74183 3.78357 -3.34025 
0.74 3.49917 1.72513 3.77204 -3.37911 
0.745 3.51803 1.70823 3.76051 -3.41781 
0.75 3.53683 1.69114 3.74897 -3.45636 
0.755 3.55558 1.67386 3.73743 -3.49476 
0.76 3.57426 1.65639 3.72589 -3.53299 
0.765 3.59289 1.63872 3.71434 -3.57108 
0.77 3.61146 1.62087 3.70279 -3.609 
0.775 3.62998 1.60282 3.69123 -3.64677 
0.78 3.64843 1.58459 3.67967 -3.68438 
0.785 3.66683 1.56617 3.6681 -3.72183 
0.79 3.68517 1.54756 3.65653 -3.75913 
0.795 3.70346 1.52876 3.64496 -3.79626 
0.8 3.72168 1.50978 3.63338 -3.83323 
0.805 3.73985 1.49061 3.6218 -3.87005 
0.81 3.75796 1.47126 3.61021 -3.9067 
0.815 3.77601 1.45173 3.59861 -3.94319 
0.82 3.794 1.43201 3.58702 -3.97951 
0.825 3.81193 1.41212 3.57542 -4.01568 
0.83 3.82981 1.39204 3.56381 -4.05168 
0.835 3.84763 1.37178 3.5522 -4.08751 
0.84 3.86539 1.35134 3.54059 -4.12318 
0.845 3.8831 1.33073 3.52898 -4.15869 
0.85 3.90074 1.30993 3.51736 -4.19403 
0.855 3.91833 1.28896 3.50574 -4.22921 
0.86 3.93586 1.26782 3.49411 -4.26421 
0.865 3.95333 1.2465 3.48248 -4.29906 
0.87 3.97074 1.225 3.47085 -4.33373 
0.875 3.98809 1.20333 3.45922 -4.36824 
0.88 4.00539 1.18149 3.44759 -4.40258 
0.885 4.02263 1.15948 3.43595 -4.43675 
0.89 4.03981 1.13729 3.42431 -4.47076 
0.895 4.05693 1.11494 3.41267 -4.50459 
0.9 4.07399 1.09242 3.40103 -4.53826 
0.905 4.091 1.06973 3.38938 -4.57176 
0.91 4.10794 1.04687 3.37774 -4.60508 
0.915 4.12483 1.02384 3.36609 -4.63824 
0.92 4.14166 1.00065 3.35445 -4.67123 
0.925 4.15843 0.977294 3.34281 -4.70405 
0.93 4.17515 0.953774 3.33116 -4.73669 
0.935 4.1918 0.93009 3.31952 -4.76917 
0.94 4.2084 0.906244 3.30787 -4.80147 
0.945 4.22494 0.882237 3.29623 -4.83361 
0.95 4.24142 0.858069 3.28459 -4.86557 
0.955 4.25785 0.833741 3.27295 -4.89736 
0.96 4.27421 0.809254 3.26131 -4.92898 
0.965 4.29052 0.784609 3.24968 -4.96043 
0.97 4.30677 0.759807 3.23804 -4.99171 
0.975 4.32296 0.734849 3.22641 -5.02281 
0.98 4.33909 0.709735 3.21479 -5.05374 
0.985 4.35516 0.684466 3.20316 -5.08451 
0.99 4.37118 0.659043 3.19154 -5.11509 
0.995 4.38714 0.633468 3.17993 -5.14551 
1 4.40303 0.60774 3.16832 -5.17576 
1.005 4.41888 0.581861 3.15671 -5.20583 
1.01 4.43466 0.555832 3.14511 -5.23573 
1.015 4.45039 0.529654 3.13351 -5.26546 
1.02 4.46605 0.503326 3.12192 -5.29502 
1.025 4.48166 0.476851 3.11034 -5.32441 
1.03 4.49721 0.450229 3.09876 -5.35362 
1.035 4.51271 0.423461 3.08719 -5.38266 
1.04 4.52814 0.396548 3.07563 -5.41153 
1.045 4.54352 0.36949 3.06407 -5.44023 
1.05 4.55884 0.342289 3.05252 -5.46876 
1.055 4.57411 0.314945 3.04098 -5.49712 
1.06 4.58931 0.28746 3.02945 -5.52531 
1.065 4.60446 0.259833 3.01793 -5.55332 
1.07 4.61955 0.232066 3.00641 -5.58117 
1.075 4.63458 0.204161 2.99491 -5.60885 
1.08 4.64955 0.176116 2.98341 -5.63635 
1.085 4.66447 0.147935 2.97193 -5.66369 
1.09 4.67933 0.119616 2.96046 -5.69085 
1.095 4.69413 0.0911618 2.94899 -5.71785 
1.1 4.70888 0.0625726 2.93754 -5.74468 
1.105 4.72357 0.0338492 2.9261 -5.77134 
1.11 4.7382 0.00499253 2.91467 -5.79783 
1.115 4.75277 -0.0239966 2.90325 -5.82415 
