0 0 1.69862 6.01393 3.99921 
0.005 0.0300697 1.71862 6.03663 3.96527 
0.01 0.0602528 1.73844 6.05941 3.9312 
0.015 0.0905499 1.7581 6.08228 3.897 
0.02 0.120961 1.77758 6.10524 3.86268 
0.025 0.151487 1.7969 6.12829 3.82823 
0.03 0.182129 1.81604 6.15143 3.79365 
0.035 0.212886 1.83501 6.17466 3.75894 
0.04 0.243759 1.8538 6.19798 3.72411 
0.045 0.274749 1.87242 6.2214 3.68915 
0.05 0.305856 1.89087 6.24491 3.65406 
0.055 0.337081 1.90914 6.26852 3.61884 
0.06 0.368423 1.92723 6.29223 3.58349 
0.065 0.399885 1.94515 6.31604 3.54802 
0.07 0.431465 1.96289 6.33995 3.51241 
0.075 0.463164 1.98045 6.36396 3.47668 
0.08 0.494984 1.99784 6.38808 3.44083 
0.085 0.526925 2.01504 6.4123 3.40484 
0.09 0.558986 2.03206 6.43662 3.36872 
0.095 0.591169 2.04891 6.46106 3.33248 
0.1 0.623475 2.06557 6.4856 3.2961 
0.105 0.655903 2.08205 6.51026 3.2596 
0.11 0.688454 2.09835 6.53502 3.22297 
0.115 0.721129 2.11446 6.55991 3.18621 
0.12 0.753928 2.13039 6.58491 3.14931 
0.125 0.786853 2.14614 6.61002 3.11229 
0.13 0.819903 2.1617 6.63526 3.07514 
0.135 0.853079 2.17708 6.66061 3.03786 
0.14 0.886382 2.19227 6.68609 3.00045 
0.145 0.919813 2.20727 6.7117 2.9629 
0.15 0.953371 2.22208 6.73743 2.92523 
0.155 0.987059 2.23671 6.76328 2.88742 
0.16 1.02087 2.25115 6.78927 2.84949 
0.165 1.05482 2.26539 6.8154 2.81142 
0.17 1.0889 2.27945 6.84165 2.77321 
0.175 1.12311 2.29332 6.86804 2.73488 
0.18 1.15745 2.30699 6.89457 2.69641 
0.185 1.19192 2.32047 6.92124 2.65781 
0.19 1.22653 2.33376 6.94806 2.61907 
0.195 1.26127 2.34686 6.97502 2.5802 
0.2 1.29614 2.35976 7.00212 2.54119 
0.205 1.33115 2.37247 7.02938 2.50205 
0.21 1.3663 2.38498 7.05678 2.46277 
0.215 1.40158 2.39729 7.08435 2.42336 
0.22 1.437 2.40941 7.11206 2.38381 
0.225 1.47256 2.42133 7.13994 2.34412 
0.23 1.50826 2.43305 7.16798 2.30429 
0.235 1.5441 2.44457 7.19618 2.26432 
0.24 1.58009 2.45589 7.22454 2.22421 
0.245 1.61621 2.46701 7.25308 2.18397 
0.25 1.65247 2.47793 7.28179 2.14358 
0.255 1.68888 2.48865 7.31067 2.10305 
0.26 1.72544 2.49916 7.33973 2.06237 
0.265 1.76213 2.50948 7.36897 2.02156 
0.27 1.79898 2.51958 7.3984 1.98059 
0.275 1.83597 2.52949 7.42801 1.93949 
0.28 1.87311 2.53918 7.4578 1.89823 
0.285 1.9104 2.54867 7.48779 1.85683 
0.29 1.94784 2.55796 7.51798 1.81529 
0.295 1.98543 2.56704 7.54836 1.77359 
0.3 2.02317 2.5759 7.57894 1.73174 
0.305 2.06107 2.58456 7.60973 1.68974 
0.31 2.09911 2.59301 7.64073 1.64759 
0.315 2.13732 2.60125 7.67194 1.60529 
0.32 2.17568 2.60928 7.70336 1.56283 
0.325 2.21419 2.61709 7.735 1.52022 
0.33 2.25287 2.62469 7.76686 1.47745 
0.335 2.2917 2.63208 7.79895 1.43452 
0.34 2.3307 2.63925 7.83126 1.39143 
0.345 2.36985 2.64621 7.86381 1.34818 
0.35 2.40917 2.65295 7.8966 1.30476 
0.355 2.44866 2.65947 7.92962 1.26119 
0.36 2.4883 2.66578 7.96289 1.21745 
0.365 2.52812 2.67187 7.99641 1.17354 
0.37 2.5681 2.67773 8.03018 1.12946 
0.375 2.60825 2.68338 8.06421 1.08521 
0.38 2.64857 2.68881 8.0985 1.04079 
0.385 2.68907 2.69401 8.13305 0.996201 
0.39 2.72973 2.69899 8.16787 0.951434 
0.395 2.77057 2.70375 8.20297 0.906489 
0.4 2.81159 2.70828 8.23834 0.861364 
0.405 2.85278 2.71259 8.274 0.816059 
0.41 2.89415 2.71667 8.30995 0.770572 
0.415 2.9357 2.72052 8.34619 0.724899 
0.42 2.97743 2.72415 8.38272 0.679039 
0.425 3.01934 2.72754 8.41956 0.63299 
0.43 3.06144 2.73071 8.45671 0.586749 
0.435 3.10372 2.73364 8.49417 0.540315 
0.44 3.14619 2.73634 8.53195 0.493685 
0.445 3.18885 2.73881 8.57005 0.446856 
0.45 3.2317 2.74104 8.60848 0.399827 
0.455 3.27475 2.74304 8.64724 0.352594 
0.46 3.31798 2.74481 8.68635 0.305155 
0.465 3.36141 2.74633 8.7258 0.257508 
0.47 3.40504 2.74762 8.7656 0.209649 
0.475 3.44887 2.74867 8.80577 0.161577 
0.48 3.4929 2.74948 8.84629 0.113287 
0.485 3.53713 2.75004 8.88719 0.0647775 
0.49 3.58157 2.75037 8.92846 0.0160451 
0.495 3.62621 2.75045 8.97011 -0.0329133 
0.5 3.67106 2.75028 9.01216 -0.0821008 
0.505 3.71612 2.74987 9.0546 -0.131521 
0.51 3.76139 2.74921 9.09745 -0.181176 
0.515 3.80688 2.74831 9.1407 -0.231071 
0.52 3.85258 2.74715 9.18438 -0.281208 
0.525 3.89851 2.74575 9.22847 -0.331592 
0.53 3.94465 2.74409 9.27301 -0.382225 
0.535 3.99101 2.74218 9.31798 -0.433112 
0.54 4.0376 2.74001 9.36339 -0.484256 
0.545 4.08442 2.73759 9.40927 -0.535662 
0.55 4.13147 2.73491 9.45561 -0.587333 
0.555 4.17874 2.73197 9.50242 -0.639274 
0.56 4.22626 2.72878 9.54971 -0.691489 
0.565 4.27401 2.72532 9.59748 -0.743982 
0.57 4.32199 2.7216 9.64576 -0.796757 
0.575 4.37022 2.71762 9.69454 -0.84982 
0.58 4.41869 2.71337 9.74384 -0.903175 
0.585 4.46741 2.70885 9.79367 -0.956826 
0.59 4.51638 2.70407 9.84403 -1.01078 
0.595 4.5656 2.69901 9.89493 -1.06504 
0.6 4.61508 2.69369 9.94639 -1.11961 
0.605 4.66481 2.68809 9.99841 -1.1745 
0.61 4.7148 2.68222 10.051 -1.22971 
0.615 4.76506 2.67607 10.1042 -1.28525 
0.62 4.81558 2.66964 10.158 -1.34113 
0.625 4.86637 2.66294 10.2123 -1.39734 
0.63 4.91743 2.65595 10.2674 -1.4539 
0.635 4.96877 2.64868 10.323 -1.51081 
0.64 5.02038 2.64113 10.3793 -1.56808 
0.645 5.07228 2.63329 10.4362 -1.62571 
0.65 5.12446 2.62516 10.4938 -1.68372 
0.655 5.17693 2.61674 10.5521 -1.7421 
0.66 5.22969 2.60803 10.611 -1.80087 
0.665 5.28274 2.59903 10.6707 -1.86003 
0.67 5.3361 2.58973 10.7311 -1.9196 
0.675 5.38975 2.58013 10.7922 -1.97956 
0.68 5.44371 2.57023 10.8541 -2.03995 
0.685 5.49798 2.56003 10.9168 -2.10075 
0.69 5.55257 2.54953 10.9802 -2.16199 
0.695 5.60747 2.53872 11.0444 -2.22366 
0.7 5.66269 2.5276 11.1094 -2.28579 
0.705 5.71824 2.51617 11.1752 -2.34837 
0.71 5.77411 2.50443 11.2419 -2.41142 
0.715 5.83032 2.49237 11.3095 -2.47494 
0.72 5.88687 2.48 11.3779 -2.53894 
0.725 5.94376 2.4673 11.4472 -2.60344 
0.73 6.001 2.45428 11.5174 -2.66845 
0.735 6.05858 2.44094 11.5886 -2.73396 
0.74 6.11653 2.42727 11.6607 -2.80001 
0.745 6.17483 2.41327 11.7337 -2.86659 
0.75 6.2335 2.39894 11.8078 -2.93371 
0.755 6.29254 2.38427 11.8829 -3.0014 
0.76 6.35195 2.36926 11.959 -3.06965 
0.765 6.41175 2.35391 12.0361 -3.13849 
0.77 6.47193 2.33822 12.1144 -3.20792 
0.775 6.5325 2.32218 12.1937 -3.27796 
0.78 6.59347 2.30579 12.2741 -3.34862 
0.785 6.65484 2.28905 12.3557 -3.41992 
0.79 6.71662 2.27195 12.4385 -3.49186 
0.795 6.77881 2.25449 12.5225 -3.56447 
0.8 6.84142 2.23667 12.6077 -3.63775 
0.805 6.90446 2.21848 12.6941 -3.71173 
0.81 6.96793 2.19992 12.7819 -3.78641 
0.815 7.03184 2.18099 12.8709 -3.86182 
0.82 7.09619 2.16168 12.9613 -3.93797 
0.825 7.161 2.14199 13.053 -4.01488 
0.83 7.22627 2.12192 13.1462 -4.09256 
0.835 7.292 2.10145 13.2407 -4.17104 
0.84 7.3582 2.0806 13.3368 -4.25033 
0.845 7.42488 2.05935 13.4343 -4.33045 
0.85 7.49206 2.03769 13.5334 -4.41143 
0.855 7.55972 2.01564 13.6341 -4.49327 
0.86 7.62789 1.99317 13.7364 -4.57601 
0.865 7.69658 1.97029 13.8403 -4.65966 
0.87 7.76578 1.94699 13.9459 -4.74426 
0.875 7.83551 1.92327 14.0533 -4.82981 
0.88 7.90577 1.89912 14.1624 -4.91634 
0.885 7.97658 1.87454 14.2733 -5.00389 
0.89 8.04795 1.84952 14.3861 -5.09247 
0.895 8.11988 1.82406 14.5008 -5.18211 
0.9 8.19239 1.79815 14.6175 -5.27284 
0.905 8.26547 1.77178 14.7362 -5.36469 
0.91 8.33915 1.74496 14.857 -5.45769 
0.915 8.41344 1.71767 14.9799 -5.55186 
0.92 8.48834 1.68991 15.1049 -5.64724 
0.925 8.56386 1.66168 15.2322 -5.74386 
0.93 8.64002 1.63296 15.3618 -5.84175 
0.935 8.71683 1.60375 15.4937 -5.94096 
0.94 8.7943 1.57404 15.628 -6.0415 
0.945 8.87244 1.54384 15.7649 -6.14343 
0.95 8.95127 1.51312 15.9042 -6.24678 
0.955 9.03079 1.48188 16.0462 -6.35159 
0.96 9.11102 1.45013 16.1909 -6.4579 
0.965 9.19197 1.41784 16.3384 -6.56575 
0.97 9.27367 1.38501 16.4888 -6.6752 
0.975 9.35611 1.35163 16.642 -6.78628 
0.98 9.43932 1.3177 16.7983 -6.89904 
0.985 9.52331 1.28321 16.9577 -7.01354 
0.99 9.6081 1.24814 17.1203 -7.12983 
0.995 9.6937 1.21249 17.2862 -7.24796 
1 9.78013 1.17625 17.4555 -7.36798 
1.005 9.86741 1.13941 17.6284 -7.48996 
1.01 9.95555 1.10196 17.8048 -7.61396 
1.015 10.0446 1.06389 17.985 -7.74004 
1.02 10.1345 1.02519 18.169 -7.86826 
1.025 10.2253 0.985848 18.3569 -7.9987 
1.03 10.3171 0.945854 18.549 -8.13142 
1.035 10.4099 0.905197 18.7453 -8.26651 
1.04 10.5036 0.863864 18.946 -8.40404 
1.045 10.5983 0.821844 19.1512 -8.54409 
1.05 10.6941 0.779124 19.3611 -8.68675 
1.055 10.7909 0.73569 19.5757 -8.83211 
1.06 10.8888 0.691529 19.7954 -8.98026 
1.065 10.9877 0.646628 20.0203 -9.13129 
1.07 11.0879 0.600972 20.2505 -9.28532 
1.075 11.1891 0.554545 20.4862 -9.44244 
1.08 11.2915 0.507333 20.7277 -9.60278 
1.085 11.3952 0.459319 20.9751 -9.76644 
1.09 11.5 0.410487 21.2287 -9.93355 
1.095 11.6062 0.360819 21.4887 -10.1042 
1.1 11.7136 0.310298 21.7553 -10.2786 
1.105 11.8224 0.258905 22.0288 -10.4569 
1.11 11.9326 0.20662 22.3095 -10.6392 
1.115 12.0441 0.153424 22.5977 -10.8256 
1.12 12.1571 0.0992959 22.8936 -11.0164 
1.125 12.2716 0.0442139 23.1975 -11.2117 
1.13 12.3875 -0.0118446 23.5098 -11.4117 
