0 0 1.70194 6.00499 4.00059 
0.005 0.030025 1.72194 5.94484 3.91149 
0.01 0.0597492 1.7415 5.88612 3.82382 
0.015 0.0891798 1.76062 5.82877 3.73753 
0.02 0.118324 1.77931 5.77274 3.65257 
0.025 0.147187 1.79757 5.718 3.5689 
0.03 0.175777 1.81541 5.6645 3.48647 
0.035 0.2041 1.83285 5.6122 3.40525 
0.04 0.232161 1.84987 5.56106 3.32519 
0.045 0.259966 1.8665 5.51104 3.24624 
0.05 0.287521 1.88273 5.46211 3.16839 
0.055 0.314832 1.89857 5.41423 3.09158 
0.06 0.341903 1.91403 5.36737 3.01579 
0.065 0.36874 1.92911 5.3215 2.94099 
0.07 0.395347 1.94381 5.27659 2.86713 
0.075 0.42173 1.95815 5.2326 2.7942 
0.08 0.447893 1.97212 5.18951 2.72215 
0.085 0.473841 1.98573 5.1473 2.65098 
0.09 0.499577 1.99899 5.10593 2.58064 
0.095 0.525107 2.01189 5.06538 2.51111 
0.1 0.550434 2.02444 5.02562 2.44237 
0.105 0.575562 2.03666 4.98664 2.37439 
0.11 0.600495 2.04853 4.94841 2.30715 
0.115 0.625237 2.06006 4.91091 2.24064 
0.12 0.649792 2.07127 4.87411 2.17481 
0.125 0.674162 2.08214 4.838 2.10967 
0.13 0.698352 2.09269 4.80255 2.04518 
0.135 0.722365 2.10292 4.76775 1.98132 
0.14 0.746204 2.11282 4.73358 1.91809 
0.145 0.769872 2.12241 4.70002 1.85546 
0.15 0.793372 2.13169 4.66705 1.79341 
0.155 0.816707 2.14066 4.63466 1.73193 
0.16 0.83988 2.14932 4.60283 1.671 
0.165 0.862894 2.15767 4.57154 1.61061 
0.17 0.885752 2.16572 4.54078 1.55074 
0.175 0.908456 2.17348 4.51054 1.49138 
0.18 0.931009 2.18094 4.48079 1.43251 
0.185 0.953413 2.1881 4.45153 1.37412 
0.19 0.97567 2.19497 4.42274 1.3162 
0.195 0.997784 2.20155 4.39441 1.25874 
0.2 1.01976 2.20784 4.36653 1.20172 
0.205 1.04159 2.21385 4.33908 1.14513 
0.21 1.06328 2.21958 4.31205 1.08896 
0.215 1.08484 2.22502 4.28543 1.03321 
0.22 1.10627 2.23019 4.2592 0.97785 
0.225 1.12757 2.23508 4.23337 0.922885 
0.23 1.14873 2.23969 4.20791 0.868301 
0.235 1.16977 2.24403 4.18281 0.814089 
0.24 1.19069 2.2481 4.15807 0.76024 
0.245 1.21148 2.25191 4.13367 0.706746 
0.25 1.23215 2.25544 4.1096 0.653598 
0.255 1.25269 2.25871 4.08586 0.60079 
0.26 1.27312 2.26171 4.06244 0.548312 
0.265 1.29344 2.26445 4.03932 0.496159 
0.27 1.31363 2.26693 4.0165 0.444323 
0.275 1.33372 2.26915 3.99397 0.392797 
0.28 1.35369 2.27112 3.97172 0.341576 
0.285 1.37354 2.27283 3.94975 0.290652 
0.29 1.39329 2.27428 3.92803 0.240021 
0.295 1.41293 2.27548 3.90657 0.189677 
0.3 1.43247 2.27643 3.88536 0.139613 
0.305 1.45189 2.27713 3.86439 0.0898267 
0.31 1.47121 2.27758 3.84366 0.0403115 
0.315 1.49043 2.27778 3.82315 -0.00893685 
0.32 1.50955 2.27773 3.80286 -0.0579227 
0.325 1.52856 2.27744 3.78278 -0.10665 
0.33 1.54748 2.27691 3.76291 -0.155123 
0.335 1.56629 2.27613 3.74324 -0.203345 
0.34 1.58501 2.27512 3.72376 -0.25132 
0.345 1.60363 2.27386 3.70447 -0.299052 
0.35 1.62215 2.27237 3.68536 -0.346542 
0.355 1.64058 2.27063 3.66642 -0.393795 
0.36 1.65891 2.26866 3.64765 -0.440812 
0.365 1.67715 2.26646 3.62905 -0.487597 
0.37 1.69529 2.26402 3.6106 -0.534152 
0.375 1.71334 2.26135 3.59231 -0.580479 
0.38 1.73131 2.25845 3.57416 -0.62658 
0.385 1.74918 2.25532 3.55616 -0.672457 
0.39 1.76696 2.25195 3.53829 -0.718112 
0.395 1.78465 2.24836 3.52056 -0.763546 
0.4 1.80225 2.24454 3.50295 -0.808761 
0.405 1.81977 2.2405 3.48547 -0.853758 
0.41 1.83719 2.23623 3.46811 -0.898539 
0.415 1.85453 2.23174 3.45086 -0.943103 
0.42 1.87179 2.22702 3.43372 -0.987453 
0.425 1.88896 2.22209 3.41669 -1.03159 
0.43 1.90604 2.21693 3.39977 -1.07551 
0.435 1.92304 2.21155 3.38294 -1.11922 
0.44 1.93995 2.20596 3.36621 -1.16272 
0.445 1.95678 2.20014 3.34956 -1.206 
0.45 1.97353 2.19411 3.33301 -1.24908 
0.455 1.9902 2.18787 3.31654 -1.29194 
0.46 2.00678 2.18141 3.30016 -1.33459 
0.465 2.02328 2.17473 3.28385 -1.37703 
0.47 2.0397 2.16785 3.26762 -1.41925 
0.475 2.05604 2.16075 3.25146 -1.46127 
0.48 2.0723 2.15345 3.23537 -1.50307 
0.485 2.08847 2.14593 3.21935 -1.54466 
0.49 2.10457 2.13821 3.20339 -1.58604 
0.495 2.12059 2.13028 3.18749 -1.6272 
0.5 2.13652 2.12214 3.17166 -1.66815 
0.505 2.15238 2.1138 3.15588 -1.70888 
0.51 2.16816 2.10526 3.14016 -1.7494 
0.515 2.18386 2.09651 3.12449 -1.78971 
0.52 2.19948 2.08756 3.10887 -1.8298 
0.525 2.21503 2.07841 3.0933 -1.86967 
0.53 2.2305 2.06906 3.07778 -1.90932 
0.535 2.24588 2.05952 3.06231 -1.94875 
0.54 2.2612 2.04977 3.04688 -1.98797 
0.545 2.27643 2.03983 3.03149 -2.02696 
0.55 2.29159 2.0297 3.01615 -2.06573 
0.555 2.30667 2.01937 3.00084 -2.10428 
0.56 2.32167 2.00885 2.98557 -2.14261 
0.565 2.3366 1.99813 2.97034 -2.18071 
0.57 2.35145 1.98723 2.95515 -2.21859 
0.575 2.36623 1.97614 2.93999 -2.25624 
0.58 2.38093 1.96486 2.92487 -2.29367 
0.585 2.39555 1.95339 2.90977 -2.33087 
0.59 2.4101 1.94173 2.89471 -2.36784 
0.595 2.42457 1.9299 2.87969 -2.40458 
0.6 2.43897 1.91787 2.86469 -2.44109 
0.605 2.4533 1.90567 2.84972 -2.47737 
0.61 2.46755 1.89328 2.83479 -2.51342 
0.615 2.48172 1.88071 2.81988 -2.54923 
0.62 2.49582 1.86797 2.805 -2.58481 
0.625 2.50984 1.85504 2.79015 -2.62016 
0.63 2.52379 1.84194 2.77532 -2.65527 
0.635 2.53767 1.82867 2.76052 -2.69015 
0.64 2.55147 1.81521 2.74575 -2.72479 
0.645 2.5652 1.80159 2.73101 -2.75919 
0.65 2.57886 1.78779 2.71629 -2.79335 
0.655 2.59244 1.77383 2.7016 -2.82728 
0.66 2.60595 1.75969 2.68693 -2.86097 
0.665 2.61938 1.74539 2.6723 -2.89441 
0.67 2.63274 1.73091 2.65768 -2.92762 
0.675 2.64603 1.71628 2.64309 -2.96058 
0.68 2.65925 1.70147 2.62853 -2.9933 
0.685 2.67239 1.68651 2.614 -3.02578 
0.69 2.68546 1.67138 2.59949 -3.05802 
0.695 2.69846 1.65609 2.58501 -3.09002 
0.7 2.71138 1.64064 2.57055 -3.12177 
0.705 2.72423 1.62503 2.55612 -3.15328 
0.71 2.73702 1.60926 2.54172 -3.18455 
0.715 2.74972 1.59334 2.52734 -3.21557 
0.72 2.76236 1.57726 2.51299 -3.24634 
0.725 2.77493 1.56103 2.49867 -3.27688 
0.73 2.78742 1.54465 2.48438 -3.30717 
0.735 2.79984 1.52811 2.47011 -3.33721 
0.74 2.81219 1.51142 2.45588 -3.36701 
0.745 2.82447 1.49459 2.44167 -3.39656 
0.75 2.83668 1.47761 2.42749 -3.42587 
0.755 2.84882 1.46048 2.41334 -3.45494 
0.76 2.86088 1.4432 2.39922 -3.48376 
0.765 2.87288 1.42578 2.38514 -3.51234 
0.77 2.88481 1.40822 2.37108 -3.54067 
0.775 2.89666 1.39052 2.35705 -3.56876 
0.78 2.90845 1.37267 2.34306 -3.59661 
0.785 2.92016 1.35469 2.3291 -3.62421 
0.79 2.93181 1.33657 2.31517 -3.65157 
0.795 2.94338 1.31831 2.30127 -3.67868 
0.8 2.95489 1.29992 2.28741 -3.70556 
0.805 2.96633 1.28139 2.27359 -3.73219 
0.81 2.97769 1.26273 2.25979 -3.75858 
0.815 2.98899 1.24394 2.24604 -3.78474 
0.82 3.00022 1.22501 2.23231 -3.81065 
0.825 3.01138 1.20596 2.21863 -3.83632 
0.83 3.02248 1.18678 2.20498 -3.86175 
0.835 3.0335 1.16747 2.19137 -3.88695 
0.84 3.04446 1.14804 2.17779 -3.9119 
0.845 3.05535 1.12848 2.16426 -3.93662 
0.85 3.06617 1.10879 2.15076 -3.96111 
0.855 3.07692 1.08899 2.13731 -3.98536 
0.86 3.08761 1.06906 2.12389 -4.00937 
0.865 3.09823 1.04901 2.11051 -4.03315 
0.87 3.10878 1.02885 2.09718 -4.0567 
0.875 3.11927 1.00856 2.08388 -4.08002 
0.88 3.12969 0.988165 2.07063 -4.1031 
0.885 3.14004 0.967649 2.05742 -4.12596 
0.89 3.15033 0.947019 2.04425 -4.14859 
0.895 3.16055 0.926276 2.03113 -4.17099 
0.9 3.1707 0.905421 2.01805 -4.19316 
0.905 3.18079 0.884456 2.00501 -4.21511 
0.91 3.19082 0.86338 1.99202 -4.23683 
0.915 3.20078 0.842196 1.97907 -4.25833 
0.92 3.21068 0.820904 1.96617 -4.2796 
0.925 3.22051 0.799506 1.95332 -4.30066 
0.93 3.23027 0.778003 1.94051 -4.32149 
0.935 3.23998 0.756396 1.92775 -4.34211 
0.94 3.24961 0.734685 1.91504 -4.3625 
0.945 3.25919 0.712873 1.90237 -4.38269 
0.95 3.2687 0.690959 1.88975 -4.40265 
0.955 3.27815 0.668946 1.87719 -4.4224 
0.96 3.28754 0.646834 1.86467 -4.44194 
0.965 3.29686 0.624624 1.8522 -4.46127 
0.97 3.30612 0.602318 1.83978 -4.48039 
0.975 3.31532 0.579916 1.82741 -4.4993 
0.98 3.32446 0.557419 1.81509 -4.518 
0.985 3.33353 0.534829 1.80282 -4.5365 
0.99 3.34255 0.512147 1.79061 -4.55479 
0.995 3.3515 0.489373 1.77844 -4.57288 
1 3.36039 0.466508 1.76633 -4.59077 
1.005 3.36922 0.443555 1.75427 -4.60846 
1.01 3.37799 0.420512 1.74226 -4.62594 
1.015 3.38671 0.397383 1.7303 -4.64323 
1.02 3.39536 0.374166 1.7184 -4.66033 
1.025 3.40395 0.350865 1.70655 -4.67723 
1.03 3.41248 0.327479 1.69476 -4.69394 
1.035 3.42096 0.304009 1.68302 -4.71045 
1.04 3.42937 0.280457 1.67133 -4.72678 
1.045 3.43773 0.256823 1.6597 -4.74292 
1.05 3.44603 0.233108 1.64812 -4.75887 
1.055 3.45427 0.209314 1.6366 -4.77463 
1.06 3.46245 0.185441 1.62513 -4.79021 
1.065 3.47057 0.16149 1.61372 -4.80561 
1.07 3.47864 0.137462 1.60237 -4.82082 
1.075 3.48666 0.113358 1.59107 -4.83586 
1.08 3.49461 0.0891782 1.57982 -4.85072 
1.085 3.50251 0.0649246 1.56864 -4.8654 
1.09 3.51035 0.0405976 1.5575 -4.87991 
1.095 3.51814 0.0161981 1.54643 -4.89424 
1.1 3.52587 -0.00827313 1.53541 -4.9084 
