0 0 1.70504 5.99629 4.00866 
0.005 0.0299815 1.72509 5.98374 3.95124 
0.01 0.0599002 1.74484 5.97129 3.89398 
0.015 0.0897566 1.76431 5.95894 3.83689 
0.02 0.119551 1.7835 5.94668 3.77997 
0.025 0.149285 1.8024 5.93452 3.7232 
0.03 0.178957 1.82101 5.92245 3.6666 
0.035 0.20857 1.83934 5.91048 3.61016 
0.04 0.238122 1.8574 5.8986 3.55387 
0.045 0.267615 1.87516 5.88681 3.49773 
0.05 0.297049 1.89265 5.87512 3.44175 
0.055 0.326425 1.90986 5.86351 3.38591 
0.06 0.355742 1.92679 5.85199 3.33023 
0.065 0.385002 1.94344 5.84055 3.27469 
0.07 0.414205 1.95982 5.8292 3.21929 
0.075 0.443351 1.97591 5.81794 3.16403 
0.08 0.472441 1.99173 5.80675 3.10892 
0.085 0.501474 2.00728 5.79565 3.05394 
0.09 0.530453 2.02255 5.78464 2.9991 
0.095 0.559376 2.03754 5.7737 2.9444 
0.1 0.588244 2.05226 5.76284 2.88983 
0.105 0.617058 2.06671 5.75206 2.83539 
0.11 0.645819 2.08089 5.74135 2.78108 
0.115 0.674526 2.0948 5.73072 2.7269 
0.12 0.703179 2.10843 5.72017 2.67284 
0.125 0.73178 2.12179 5.70968 2.61891 
0.13 0.760328 2.13489 5.69928 2.5651 
0.135 0.788825 2.14771 5.68894 2.51142 
0.14 0.817269 2.16027 5.67867 2.45785 
0.145 0.845663 2.17256 5.66847 2.4044 
0.15 0.874005 2.18458 5.65835 2.35107 
0.155 0.902297 2.19634 5.64828 2.29786 
0.16 0.930538 2.20783 5.63829 2.24476 
0.165 0.95873 2.21905 5.62836 2.19177 
0.17 0.986872 2.23001 5.61849 2.1389 
0.175 1.01496 2.24071 5.60869 2.08613 
0.18 1.04301 2.25114 5.59895 2.03348 
0.185 1.071 2.2613 5.58927 1.98093 
0.19 1.09895 2.27121 5.57965 1.92849 
0.195 1.12685 2.28085 5.57009 1.87615 
0.2 1.1547 2.29023 5.56059 1.82392 
0.205 1.1825 2.29935 5.55115 1.77179 
0.21 1.21026 2.30821 5.54176 1.71976 
0.215 1.23796 2.31681 5.53243 1.66783 
0.22 1.26563 2.32515 5.52315 1.616 
0.225 1.29324 2.33323 5.51393 1.56426 
0.23 1.32081 2.34105 5.50476 1.51263 
0.235 1.34834 2.34861 5.49564 1.46109 
0.24 1.37581 2.35592 5.48657 1.40965 
0.245 1.40325 2.36297 5.47755 1.35829 
0.25 1.43063 2.36976 5.46858 1.30704 
0.255 1.45798 2.37629 5.45965 1.25587 
0.26 1.48528 2.38257 5.45078 1.2048 
0.265 1.51253 2.3886 5.44194 1.15381 
0.27 1.53974 2.39436 5.43316 1.10291 
0.275 1.56691 2.39988 5.42442 1.05211 
0.28 1.59403 2.40514 5.41572 1.00139 
0.285 1.62111 2.41015 5.40706 0.950753 
0.29 1.64814 2.4149 5.39845 0.900205 
0.295 1.67513 2.4194 5.38987 0.849742 
0.3 1.70208 2.42365 5.38134 0.799363 
0.305 1.72899 2.42765 5.37284 0.749068 
0.31 1.75585 2.43139 5.36438 0.698855 
0.315 1.78268 2.43489 5.35596 0.648725 
0.32 1.80946 2.43813 5.34758 0.598676 
0.325 1.83619 2.44112 5.33923 0.548708 
0.33 1.86289 2.44387 5.33091 0.49882 
0.335 1.88954 2.44636 5.32263 0.449011 
0.34 1.91616 2.44861 5.31437 0.399282 
0.345 1.94273 2.4506 5.30616 0.349631 
0.35 1.96926 2.45235 5.29797 0.300058 
0.355 1.99575 2.45385 5.28981 0.250563 
0.36 2.0222 2.4551 5.28168 0.201145 
0.365 2.04861 2.45611 5.27358 0.151803 
0.37 2.07498 2.45687 5.2655 0.102537 
0.375 2.1013 2.45738 5.25745 0.0533474 
0.38 2.12759 2.45765 5.24943 0.0042327 
0.385 2.15384 2.45767 5.24144 -0.044807 
0.39 2.18004 2.45745 5.23346 -0.0937721 
0.395 2.20621 2.45698 5.22551 -0.142663 
0.4 2.23234 2.45626 5.21759 -0.19148 
0.405 2.25843 2.45531 5.20968 -0.240223 
0.41 2.28448 2.4541 5.20179 -0.288893 
0.415 2.31048 2.45266 5.19393 -0.337489 
0.42 2.33645 2.45097 5.18608 -0.386012 
0.425 2.36238 2.44904 5.17826 -0.434463 
0.43 2.38828 2.44687 5.17045 -0.482841 
0.435 2.41413 2.44446 5.16266 -0.531147 
0.44 2.43994 2.4418 5.15488 -0.57938 
0.445 2.46572 2.4389 5.14712 -0.627541 
0.45 2.49145 2.43577 5.13937 -0.67563 
0.455 2.51715 2.43239 5.13164 -0.723647 
0.46 2.54281 2.42877 5.12393 -0.771592 
0.465 2.56843 2.42491 5.11622 -0.819465 
0.47 2.59401 2.42081 5.10853 -0.867266 
0.475 2.61955 2.41648 5.10085 -0.914995 
0.48 2.64505 2.4119 5.09317 -0.962652 
0.485 2.67052 2.40709 5.08551 -1.01024 
0.49 2.69595 2.40204 5.07786 -1.05775 
0.495 2.72134 2.39675 5.07022 -1.10519 
0.5 2.74669 2.39122 5.06258 -1.15256 
0.505 2.772 2.38546 5.05495 -1.19986 
0.51 2.79728 2.37946 5.04733 -1.24708 
0.515 2.82251 2.37323 5.03972 -1.29423 
0.52 2.84771 2.36675 5.03211 -1.34131 
0.525 2.87287 2.36005 5.0245 -1.38832 
0.53 2.89799 2.35311 5.0169 -1.43525 
0.535 2.92308 2.34593 5.0093 -1.48211 
0.54 2.94812 2.33852 5.00171 -1.5289 
0.545 2.97313 2.33088 4.99412 -1.57561 
0.55 2.9981 2.323 4.98653 -1.62225 
0.555 3.02304 2.31489 4.97894 -1.66881 
0.56 3.04793 2.30654 4.97135 -1.7153 
0.565 3.07279 2.29797 4.96376 -1.76172 
0.57 3.09761 2.28916 4.95617 -1.80806 
0.575 3.12239 2.28012 4.94859 -1.85432 
0.58 3.14713 2.27085 4.941 -1.90051 
0.585 3.17184 2.26134 4.93341 -1.94663 
0.59 3.1965 2.25161 4.92581 -1.99266 
0.595 3.22113 2.24165 4.91822 -2.03862 
0.6 3.24572 2.23145 4.91062 -2.08451 
0.605 3.27028 2.22103 4.90302 -2.13031 
0.61 3.29479 2.21038 4.89541 -2.17604 
0.615 3.31927 2.1995 4.8878 -2.22169 
0.62 3.34371 2.18839 4.88018 -2.26726 
0.625 3.36811 2.17705 4.87256 -2.31276 
0.63 3.39247 2.16549 4.86493 -2.35817 
0.635 3.4168 2.1537 4.8573 -2.4035 
0.64 3.44108 2.14168 4.84966 -2.44876 
0.645 3.46533 2.12944 4.84202 -2.49393 
0.65 3.48954 2.11697 4.83436 -2.53902 
0.655 3.51371 2.10427 4.8267 -2.58403 
0.66 3.53785 2.09135 4.81903 -2.62896 
0.665 3.56194 2.07821 4.81135 -2.6738 
0.67 3.586 2.06484 4.80367 -2.71856 
0.675 3.61002 2.05125 4.79597 -2.76324 
0.68 3.634 2.03743 4.78827 -2.80784 
0.685 3.65794 2.02339 4.78056 -2.85235 
0.69 3.68184 2.00913 4.77283 -2.89677 
0.695 3.7057 1.99465 4.7651 -2.94111 
0.7 3.72953 1.97994 4.75736 -2.98536 
0.705 3.75332 1.96501 4.7496 -3.02953 
0.71 3.77706 1.94987 4.74184 -3.07361 
0.715 3.80077 1.9345 4.73406 -3.11761 
0.72 3.82444 1.91891 4.72627 -3.16151 
0.725 3.84808 1.9031 4.71847 -3.20533 
0.73 3.87167 1.88708 4.71066 -3.24905 
0.735 3.89522 1.87083 4.70284 -3.29269 
0.74 3.91873 1.85437 4.695 -3.33624 
0.745 3.94221 1.83769 4.68716 -3.37969 
0.75 3.96565 1.82079 4.6793 -3.42306 
0.755 3.98904 1.80367 4.67142 -3.46633 
0.76 4.0124 1.78634 4.66354 -3.50952 
0.765 4.03572 1.76879 4.65564 -3.5526 
0.77 4.059 1.75103 4.64773 -3.5956 
0.775 4.08223 1.73305 4.6398 -3.6385 
0.78 4.10543 1.71486 4.63186 -3.68131 
0.785 4.12859 1.69645 4.62391 -3.72402 
0.79 4.15171 1.67783 4.61594 -3.76664 
0.795 4.17479 1.659 4.60796 -3.80916 
0.8 4.19783 1.63995 4.59996 -3.85158 
0.805 4.22083 1.6207 4.59196 -3.89391 
0.81 4.24379 1.60123 4.58393 -3.93614 
0.815 4.26671 1.58154 4.57589 -3.97827 
0.82 4.28959 1.56165 4.56784 -4.0203 
0.825 4.31243 1.54155 4.55978 -4.06224 
0.83 4.33523 1.52124 4.55169 -4.10407 
0.835 4.35799 1.50072 4.5436 -4.1458 
0.84 4.3807 1.47999 4.53549 -4.18744 
0.845 4.40338 1.45905 4.52736 -4.22897 
0.85 4.42602 1.43791 4.51922 -4.2704 
0.855 4.44861 1.41656 4.51107 -4.31173 
0.86 4.47117 1.395 4.5029 -4.35295 
0.865 4.49368 1.37323 4.49472 -4.39407 
0.87 4.51616 1.35126 4.48652 -4.43509 
0.875 4.53859 1.32909 4.4783 -4.476 
0.88 4.56098 1.30671 4.47007 -4.51681 
0.885 4.58333 1.28412 4.46183 -4.55752 
0.89 4.60564 1.26134 4.45357 -4.59811 
0.895 4.62791 1.23835 4.4453 -4.6386 
0.9 4.65014 1.21515 4.43701 -4.67899 
0.905 4.67232 1.19176 4.42871 -4.71927 
0.91 4.69446 1.16816 4.42039 -4.75944 
0.915 4.71657 1.14436 4.41206 -4.7995 
0.92 4.73863 1.12037 4.40371 -4.83945 
0.925 4.76065 1.09617 4.39535 -4.87929 
0.93 4.78262 1.07177 4.38697 -4.91903 
0.935 4.80456 1.04718 4.37858 -4.95865 
0.94 4.82645 1.02238 4.37017 -4.99817 
0.945 4.8483 0.997394 4.36175 -5.03757 
0.95 4.87011 0.972206 4.35332 -5.07686 
0.955 4.89188 0.946822 4.34487 -5.11604 
0.96 4.9136 0.921242 4.3364 -5.15511 
0.965 4.93528 0.895466 4.32793 -5.19406 
0.97 4.95692 0.869496 4.31943 -5.23291 
0.975 4.97852 0.843331 4.31093 -5.27163 
0.98 5.00007 0.816973 4.30241 -5.31025 
0.985 5.02159 0.790422 4.29388 -5.34875 
0.99 5.04306 0.763678 4.28533 -5.38714 
0.995 5.06448 0.736743 4.27677 -5.42541 
1 5.08587 0.709615 4.26819 -5.46356 
1.005 5.10721 0.682298 4.25961 -5.5016 
1.01 5.1285 0.65479 4.251 -5.53953 
1.015 5.14976 0.627092 4.24239 -5.57734 
1.02 5.17097 0.599205 4.23376 -5.61503 
1.025 5.19214 0.57113 4.22512 -5.6526 
1.03 5.21327 0.542867 4.21647 -5.69006 
1.035 5.23435 0.514417 4.2078 -5.7274 
1.04 5.25539 0.48578 4.19912 -5.76462 
1.045 5.27638 0.456957 4.19043 -5.80172 
1.05 5.29734 0.427948 4.18173 -5.8387 
1.055 5.31824 0.398755 4.17301 -5.87557 
1.06 5.33911 0.369377 4.16429 -5.91231 
1.065 5.35993 0.339815 4.15555 -5.94894 
1.07 5.38071 0.310071 4.1468 -5.98544 
1.075 5.40144 0.280143 4.13803 -6.02183 
1.08 5.42213 0.250034 4.12926 -6.05809 
1.085 5.44278 0.219744 4.12047 -6.09423 
1.09 5.46338 0.189273 4.11168 -6.13026 
1.095 5.48394 0.158621 4.10287 -6.16616 
1.1 5.50445 0.127791 4.09405 -6.20194 
1.105 5.52492 0.096781 4.08522 -6.23759 
1.11 5.54535 0.065593 4.07638 -6.27313 
1.115 5.56573 0.0342273 4.06753 -6.30854 
1.12 5.58607 0.00268462 4.05867 -6.34384 
1.125 5.60636 -0.0290346 4.0498 -6.379 
