0 0 1.69448 5.9897 3.98379 
0.005 0.0299485 1.7144 5.86536 3.85206 
0.01 0.0592753 1.73366 5.74658 3.72502 
0.015 0.0880082 1.75228 5.63301 3.60236 
0.02 0.116173 1.7703 5.52432 3.48382 
0.025 0.143795 1.78771 5.42019 3.36912 
0.03 0.170896 1.80456 5.32037 3.25804 
0.035 0.197498 1.82085 5.22458 3.15035 
0.04 0.223621 1.8366 5.13259 3.04585 
0.045 0.249284 1.85183 5.04419 2.94435 
0.05 0.274504 1.86655 4.95917 2.84569 
0.055 0.2993 1.88078 4.87734 2.7497 
0.06 0.323687 1.89453 4.79853 2.65624 
0.065 0.34768 1.90781 4.72258 2.56516 
0.07 0.371293 1.92064 4.64934 2.47635 
0.075 0.394539 1.93302 4.57866 2.38967 
0.08 0.417433 1.94497 4.51041 2.30502 
0.085 0.439985 1.95649 4.44448 2.22229 
0.09 0.462207 1.9676 4.38075 2.14139 
0.095 0.484111 1.97831 4.3191 2.06222 
0.1 0.505706 1.98862 4.25944 1.98471 
0.105 0.527003 1.99855 4.20168 1.90876 
0.11 0.548012 2.00809 4.14572 1.8343 
0.115 0.568741 2.01726 4.09149 1.76127 
0.12 0.589198 2.02607 4.03889 1.6896 
0.125 0.609392 2.03451 3.98786 1.61922 
0.13 0.629332 2.04261 3.93833 1.55007 
0.135 0.649023 2.05036 3.89022 1.48211 
0.14 0.668474 2.05777 3.84349 1.41527 
0.145 0.687692 2.06485 3.79806 1.3495 
0.15 0.706682 2.0716 3.75388 1.28477 
0.155 0.725452 2.07802 3.7109 1.22103 
0.16 0.744006 2.08412 3.66906 1.15823 
0.165 0.762351 2.08992 3.62832 1.09634 
0.17 0.780493 2.0954 3.58863 1.03531 
0.175 0.798436 2.10057 3.54995 0.975119 
0.18 0.816186 2.10545 3.51224 0.915726 
0.185 0.833747 2.11003 3.47545 0.857101 
0.19 0.851124 2.11431 3.43954 0.799213 
0.195 0.868322 2.11831 3.40449 0.742036 
0.2 0.885344 2.12202 3.37026 0.685541 
0.205 0.902196 2.12545 3.33681 0.629703 
0.21 0.91888 2.1286 3.30411 0.574499 
0.215 0.9354 2.13147 3.27213 0.519906 
0.22 0.951761 2.13407 3.24084 0.465902 
0.225 0.967965 2.1364 3.21022 0.412466 
0.23 0.984016 2.13846 3.18024 0.35958 
0.235 0.999918 2.14026 3.15086 0.307226 
0.24 1.01567 2.14179 3.12208 0.255386 
0.245 1.03128 2.14307 3.09385 0.204044 
0.25 1.04675 2.14409 3.06617 0.153185 
0.255 1.06208 2.14486 3.03901 0.102794 
0.26 1.07728 2.14537 3.01234 0.0528591 
0.265 1.09234 2.14564 2.98615 0.00336631 
0.27 1.10727 2.14565 2.96041 -0.045696 
0.275 1.12207 2.14542 2.93512 -0.0943388 
0.28 1.13675 2.14495 2.91024 -0.142573 
0.285 1.1513 2.14424 2.88577 -0.190407 
0.29 1.16573 2.14329 2.86169 -0.237851 
0.295 1.18004 2.1421 2.83797 -0.284913 
0.3 1.19423 2.14067 2.81461 -0.331601 
0.305 1.2083 2.13902 2.79159 -0.377922 
0.31 1.22226 2.13713 2.7689 -0.423883 
0.315 1.2361 2.13501 2.74651 -0.46949 
0.32 1.24983 2.13266 2.72443 -0.514748 
0.325 1.26346 2.13009 2.70263 -0.559663 
0.33 1.27697 2.12729 2.6811 -0.604238 
0.335 1.29037 2.12427 2.65984 -0.648479 
0.34 1.30367 2.12102 2.63882 -0.692389 
0.345 1.31687 2.11756 2.61805 -0.735971 
0.35 1.32996 2.11388 2.5975 -0.779228 
0.355 1.34295 2.10999 2.57717 -0.822163 
0.36 1.35583 2.10587 2.55705 -0.864778 
0.365 1.36862 2.10155 2.53714 -0.907074 
0.37 1.3813 2.09702 2.51741 -0.949054 
0.375 1.39389 2.09227 2.49786 -0.990719 
0.38 1.40638 2.08732 2.47849 -1.03207 
0.385 1.41877 2.08216 2.45929 -1.07311 
0.39 1.43107 2.07679 2.44024 -1.11383 
0.395 1.44327 2.07122 2.42135 -1.15424 
0.4 1.45538 2.06545 2.40261 -1.19434 
0.405 1.46739 2.05948 2.38401 -1.23412 
0.41 1.47931 2.05331 2.36554 -1.2736 
0.415 1.49114 2.04694 2.3472 -1.31276 
0.42 1.50287 2.04038 2.32898 -1.3516 
0.425 1.51452 2.03362 2.31088 -1.39013 
0.43 1.52607 2.02667 2.2929 -1.42835 
0.435 1.53754 2.01953 2.27502 -1.46624 
0.44 1.54891 2.01219 2.25725 -1.50382 
0.445 1.5602 2.00468 2.23958 -1.54109 
0.45 1.5714 1.99697 2.22201 -1.57803 
0.455 1.58251 1.98908 2.20454 -1.61465 
0.46 1.59353 1.98101 2.18715 -1.65095 
0.465 1.60446 1.97275 2.16986 -1.68693 
0.47 1.61531 1.96432 2.15265 -1.72258 
0.475 1.62608 1.9557 2.13552 -1.75791 
0.48 1.63675 1.94691 2.11847 -1.79291 
0.485 1.64735 1.93795 2.1015 -1.82758 
0.49 1.65785 1.92881 2.08461 -1.86193 
0.495 1.66828 1.9195 2.0678 -1.89594 
0.5 1.67862 1.91002 2.05106 -1.92963 
0.505 1.68887 1.90037 2.03439 -1.96298 
0.51 1.69904 1.89056 2.01779 -1.996 
0.515 1.70913 1.88058 2.00126 -2.02868 
0.52 1.71914 1.87044 1.98481 -2.06103 
0.525 1.72906 1.86013 1.96842 -2.09304 
0.53 1.7389 1.84967 1.9521 -2.12472 
0.535 1.74867 1.83904 1.93584 -2.15606 
0.54 1.75834 1.82826 1.91965 -2.18707 
0.545 1.76794 1.81733 1.90353 -2.21773 
0.55 1.77746 1.80624 1.88748 -2.24806 
0.555 1.7869 1.795 1.87149 -2.27805 
0.56 1.79626 1.78361 1.85557 -2.3077 
0.565 1.80553 1.77207 1.83971 -2.33702 
0.57 1.81473 1.76038 1.82392 -2.36599 
0.575 1.82385 1.74855 1.80819 -2.39463 
0.58 1.83289 1.73658 1.79254 -2.42292 
0.585 1.84185 1.72447 1.77694 -2.45088 
0.59 1.85074 1.71221 1.76142 -2.4785 
0.595 1.85955 1.69982 1.74596 -2.50579 
0.6 1.86828 1.68729 1.73058 -2.53274 
0.605 1.87693 1.67463 1.71526 -2.55935 
0.61 1.88551 1.66183 1.7 -2.58563 
0.615 1.89401 1.6489 1.68482 -2.61157 
0.62 1.90243 1.63584 1.66971 -2.63718 
0.625 1.91078 1.62266 1.65467 -2.66246 
0.63 1.91905 1.60935 1.6397 -2.6874 
0.635 1.92725 1.59591 1.62481 -2.71202 
0.64 1.93537 1.58235 1.60998 -2.73631 
0.645 1.94342 1.56867 1.59523 -2.76027 
0.65 1.9514 1.55487 1.58055 -2.78391 
0.655 1.9593 1.54095 1.56595 -2.80723 
0.66 1.96713 1.52691 1.55143 -2.83022 
0.665 1.97489 1.51276 1.53698 -2.85289 
0.67 1.98257 1.49849 1.5226 -2.87524 
0.675 1.99019 1.48412 1.50831 -2.89728 
0.68 1.99773 1.46963 1.49409 -2.919 
0.685 2.0052 1.45504 1.47995 -2.94041 
0.69 2.0126 1.44033 1.46589 -2.96151 
0.695 2.01993 1.42553 1.45191 -2.9823 
0.7 2.02719 1.41062 1.43801 -3.00279 
0.705 2.03438 1.3956 1.4242 -3.02297 
0.71 2.0415 1.38049 1.41046 -3.04285 
0.715 2.04855 1.36527 1.39681 -3.06244 
0.72 2.05554 1.34996 1.38324 -3.08172 
0.725 2.06245 1.33455 1.36976 -3.10071 
0.73 2.0693 1.31905 1.35636 -3.11941 
0.735 2.07608 1.30345 1.34304 -3.13783 
0.74 2.0828 1.28776 1.32981 -3.15595 
0.745 2.08945 1.27198 1.31667 -3.17379 
0.75 2.09603 1.25611 1.30362 -3.19135 
0.755 2.10255 1.24016 1.29065 -3.20864 
0.76 2.109 1.22411 1.27776 -3.22565 
0.765 2.11539 1.20799 1.26497 -3.24238 
0.77 2.12172 1.19177 1.25227 -3.25885 
0.775 2.12798 1.17548 1.23965 -3.27505 
0.78 2.13418 1.1591 1.22712 -3.29099 
0.785 2.14031 1.14265 1.21468 -3.30666 
0.79 2.14638 1.12612 1.20233 -3.32208 
0.795 2.1524 1.10951 1.19008 -3.33724 
0.8 2.15835 1.09282 1.17791 -3.35215 
0.805 2.16424 1.07606 1.16583 -3.36681 
0.81 2.17006 1.05922 1.15384 -3.38123 
0.815 2.17583 1.04232 1.14195 -3.3954 
0.82 2.18154 1.02534 1.13014 -3.40933 
0.825 2.18719 1.00829 1.11843 -3.42303 
0.83 2.19279 0.991179 1.1068 -3.43649 
0.835 2.19832 0.973997 1.09527 -3.44971 
0.84 2.2038 0.956748 1.08383 -3.46271 
0.845 2.20922 0.939435 1.07248 -3.47549 
0.85 2.21458 0.922057 1.06122 -3.48804 
0.855 2.21988 0.904617 1.05006 -3.50038 
0.86 2.22513 0.887115 1.03898 -3.51249 
0.865 2.23033 0.869553 1.028 -3.5244 
0.87 2.23547 0.851931 1.01711 -3.53609 
0.875 2.24056 0.83425 1.00631 -3.54758 
0.88 2.24559 0.816512 0.995601 -3.55886 
0.885 2.25057 0.798718 0.984983 -3.56993 
0.89 2.25549 0.780868 0.974456 -3.58082 
0.895 2.26036 0.762964 0.96402 -3.5915 
0.9 2.26518 0.745007 0.953675 -3.60199 
0.905 2.26995 0.726997 0.94342 -3.61229 
0.91 2.27467 0.708936 0.933255 -3.6224 
0.915 2.27933 0.690823 0.923181 -3.63233 
0.92 2.28395 0.672662 0.913196 -3.64208 
0.925 2.28852 0.654451 0.903301 -3.65165 
0.93 2.29303 0.636193 0.893495 -3.66104 
0.935 2.2975 0.617888 0.883777 -3.67026 
0.94 2.30192 0.599537 0.874149 -3.6793 
0.945 2.30629 0.58114 0.864609 -3.68818 
0.95 2.31061 0.562699 0.855157 -3.6969 
0.955 2.31489 0.544215 0.845792 -3.70545 
0.96 2.31912 0.525688 0.836515 -3.71384 
0.965 2.3233 0.507118 0.827325 -3.72207 
0.97 2.32744 0.488508 0.818222 -3.73015 
0.975 2.33153 0.469857 0.809204 -3.73807 
0.98 2.33557 0.451167 0.800273 -3.74585 
0.985 2.33958 0.432438 0.791427 -3.75347 
0.99 2.34353 0.41367 0.782665 -3.76095 
0.995 2.34745 0.394866 0.773989 -3.76829 
1 2.35132 0.376024 0.765396 -3.77549 
1.005 2.35514 0.357147 0.756887 -3.78255 
1.01 2.35893 0.338234 0.748461 -3.78948 
1.015 2.36267 0.319286 0.740118 -3.79627 
1.02 2.36637 0.300305 0.731857 -3.80293 
1.025 2.37003 0.28129 0.723677 -3.80946 
1.03 2.37365 0.262243 0.715579 -3.81586 
1.035 2.37723 0.243164 0.707562 -3.82214 
1.04 2.38076 0.224053 0.699625 -3.8283 
1.045 2.38426 0.204912 0.691767 -3.83434 
1.05 2.38772 0.18574 0.683989 -3.84026 
1.055 2.39114 0.166539 0.676289 -3.84606 
1.06 2.39452 0.147308 0.668668 -3.85175 
1.065 2.39786 0.12805 0.661124 -3.85733 
1.07 2.40117 0.108763 0.653657 -3.8628 
1.075 2.40444 0.089449 0.646267 -3.86816 
1.08 2.40767 0.0701082 0.638953 -3.87341 
1.085 2.41086 0.0507411 0.631714 -3.87856 
1.09 2.41402 0.0313483 0.62455 -3.88361 
1.095 2.41715 0.0119302 0.61746 -3.88856 
1.1 2.42023 -0.00751258 0.610444 -3.89341 
