0 0 1.70469 6.02017 4.01145 
0.005 0.0301009 1.72475 5.96939 3.92858 
0.01 0.0599478 1.74439 5.91964 3.84681 
0.015 0.089546 1.76363 5.87091 3.7661 
0.02 0.118901 1.78246 5.82316 3.68644 
0.025 0.148016 1.80089 5.77636 3.60778 
0.03 0.176898 1.81893 5.73049 3.53009 
0.035 0.205551 1.83658 5.68551 3.45335 
0.04 0.233978 1.85385 5.64141 3.37753 
0.045 0.262185 1.87073 5.59815 3.3026 
0.05 0.290176 1.88725 5.55572 3.22854 
0.055 0.317955 1.90339 5.51409 3.15531 
0.06 0.345525 1.91917 5.47324 3.0829 
0.065 0.372891 1.93458 5.43315 3.01129 
0.07 0.400057 1.94964 5.39379 2.94044 
0.075 0.427026 1.96434 5.35516 2.87034 
0.08 0.453802 1.97869 5.31721 2.80097 
0.085 0.480388 1.9927 5.27995 2.73231 
0.09 0.506788 2.00636 5.24335 2.66434 
0.095 0.533004 2.01968 5.20739 2.59703 
0.1 0.559041 2.03267 5.17205 2.53037 
0.105 0.584902 2.04532 5.13732 2.46435 
0.11 0.610588 2.05764 5.10319 2.39894 
0.115 0.636104 2.06963 5.06963 2.33414 
0.12 0.661452 2.0813 5.03664 2.26991 
0.125 0.686635 2.09265 5.00419 2.20626 
0.13 0.711656 2.10368 4.97228 2.14315 
0.135 0.736518 2.1144 4.94088 2.08059 
0.14 0.761222 2.1248 4.91 2.01855 
0.145 0.785772 2.1349 4.8796 1.95702 
0.15 0.81017 2.14468 4.84968 1.89599 
0.155 0.834419 2.15416 4.82024 1.83544 
0.16 0.85852 2.16334 4.79125 1.77537 
0.165 0.882476 2.17222 4.7627 1.71576 
0.17 0.90629 2.18079 4.73458 1.6566 
0.175 0.929962 2.18908 4.70689 1.59787 
0.18 0.953497 2.19707 4.67961 1.53958 
0.185 0.976895 2.20476 4.65272 1.4817 
0.19 1.00016 2.21217 4.62623 1.42423 
0.195 1.02329 2.21929 4.60012 1.36716 
0.2 1.04629 2.22613 4.57437 1.31047 
0.205 1.06916 2.23268 4.54899 1.25417 
0.21 1.09191 2.23895 4.52396 1.19823 
0.215 1.11453 2.24494 4.49927 1.14266 
0.22 1.13702 2.25066 4.47492 1.08744 
0.225 1.1594 2.25609 4.45089 1.03257 
0.23 1.18165 2.26126 4.42717 0.978035 
0.235 1.20379 2.26615 4.40377 0.923831 
0.24 1.22581 2.27077 4.38066 0.86995 
0.245 1.24771 2.27512 4.35784 0.816386 
0.25 1.2695 2.2792 4.33531 0.763132 
0.255 1.29118 2.28301 4.31306 0.710182 
0.26 1.31274 2.28657 4.29108 0.657529 
0.265 1.3342 2.28985 4.26935 0.605167 
0.27 1.35554 2.29288 4.24789 0.553091 
0.275 1.37678 2.29564 4.22667 0.501294 
0.28 1.39792 2.29815 4.20569 0.449773 
0.285 1.41894 2.3004 4.18494 0.398522 
0.29 1.43987 2.30239 4.16443 0.347535 
0.295 1.46069 2.30413 4.14414 0.296808 
0.3 1.48141 2.30561 4.12406 0.246337 
0.305 1.50203 2.30685 4.10419 0.196117 
0.31 1.52255 2.30783 4.08452 0.146144 
0.315 1.54298 2.30856 4.06506 0.0964139 
0.32 1.5633 2.30904 4.04578 0.0469235 
0.325 1.58353 2.30927 4.02669 -0.00233114 
0.33 1.60366 2.30926 4.00779 -0.0513534 
0.335 1.6237 2.30901 3.98905 -0.100147 
0.34 1.64365 2.3085 3.97049 -0.148714 
0.345 1.6635 2.30776 3.9521 -0.197058 
0.35 1.68326 2.30678 3.93386 -0.245182 
0.355 1.70293 2.30555 3.91578 -0.293088 
0.36 1.72251 2.30408 3.89785 -0.34078 
0.365 1.742 2.30238 3.88007 -0.388258 
0.37 1.7614 2.30044 3.86242 -0.435526 
0.375 1.78071 2.29826 3.84492 -0.482585 
0.38 1.79994 2.29585 3.82754 -0.529438 
0.385 1.81907 2.2932 3.81029 -0.576085 
0.39 1.83812 2.29032 3.79317 -0.62253 
0.395 1.85709 2.28721 3.77617 -0.668773 
0.4 1.87597 2.28386 3.75928 -0.714815 
0.405 1.89477 2.28029 3.74251 -0.760659 
0.41 1.91348 2.27649 3.72584 -0.806304 
0.415 1.93211 2.27246 3.70928 -0.851753 
0.42 1.95066 2.2682 3.69282 -0.897007 
0.425 1.96912 2.26371 3.67645 -0.942065 
0.43 1.9875 2.259 3.66018 -0.986929 
0.435 2.0058 2.25407 3.644 -1.0316 
0.44 2.02402 2.24891 3.62791 -1.07608 
0.445 2.04216 2.24353 3.6119 -1.12036 
0.45 2.06022 2.23793 3.59597 -1.16445 
0.455 2.0782 2.2321 3.58012 -1.20835 
0.46 2.0961 2.22606 3.56435 -1.25206 
0.465 2.11392 2.2198 3.54865 -1.29558 
0.47 2.13167 2.21332 3.53301 -1.33891 
0.475 2.14933 2.20663 3.51745 -1.38204 
0.48 2.16692 2.19972 3.50195 -1.42498 
0.485 2.18443 2.19259 3.48651 -1.46774 
0.49 2.20186 2.18526 3.47113 -1.51029 
0.495 2.21922 2.1777 3.4558 -1.55266 
0.5 2.2365 2.16994 3.44054 -1.59483 
0.505 2.2537 2.16197 3.42532 -1.63681 
0.51 2.27083 2.15378 3.41016 -1.6786 
0.515 2.28788 2.14539 3.39504 -1.7202 
0.52 2.30485 2.13679 3.37998 -1.76159 
0.525 2.32175 2.12798 3.36495 -1.8028 
0.53 2.33858 2.11897 3.34997 -1.84381 
0.535 2.35533 2.10975 3.33504 -1.88462 
0.54 2.372 2.10032 3.32014 -1.92523 
0.545 2.3886 2.0907 3.30528 -1.96565 
0.55 2.40513 2.08087 3.29046 -2.00587 
0.555 2.42158 2.07084 3.27567 -2.04589 
0.56 2.43796 2.06061 3.26092 -2.08571 
0.565 2.45426 2.05018 3.2462 -2.12532 
0.57 2.4705 2.03956 3.23151 -2.16474 
0.575 2.48665 2.02873 3.21686 -2.20396 
0.58 2.50274 2.01771 3.20223 -2.24297 
0.585 2.51875 2.0065 3.18763 -2.28178 
0.59 2.53469 1.99509 3.17306 -2.32038 
0.595 2.55055 1.98349 3.15851 -2.35878 
0.6 2.56634 1.97169 3.14399 -2.39697 
0.605 2.58206 1.95971 3.1295 -2.43495 
0.61 2.59771 1.94753 3.11503 -2.47272 
0.615 2.61329 1.93517 3.10058 -2.51029 
0.62 2.62879 1.92262 3.08616 -2.54764 
0.625 2.64422 1.90988 3.07176 -2.58479 
0.63 2.65958 1.89696 3.05738 -2.62172 
0.635 2.67487 1.88385 3.04302 -2.65844 
0.64 2.69008 1.87056 3.02868 -2.69495 
0.645 2.70522 1.85708 3.01436 -2.73124 
0.65 2.7203 1.84342 3.00006 -2.76732 
0.655 2.7353 1.82959 2.98578 -2.80318 
0.66 2.75023 1.81557 2.97152 -2.83883 
0.665 2.76508 1.80138 2.95728 -2.87426 
0.67 2.77987 1.78701 2.94306 -2.90947 
0.675 2.79458 1.77246 2.92886 -2.94446 
0.68 2.80923 1.75774 2.91467 -2.97923 
0.685 2.8238 1.74284 2.90051 -3.01379 
0.69 2.83831 1.72777 2.88636 -3.04812 
0.695 2.85274 1.71253 2.87223 -3.08223 
0.7 2.8671 1.69712 2.85812 -3.11612 
0.705 2.88139 1.68154 2.84403 -3.14979 
0.71 2.89561 1.66579 2.82995 -3.18324 
0.715 2.90976 1.64987 2.8159 -3.21646 
0.72 2.92384 1.63379 2.80186 -3.24946 
0.725 2.93785 1.61755 2.78784 -3.28223 
0.73 2.95179 1.60113 2.77384 -3.31479 
0.735 2.96566 1.58456 2.75986 -3.34711 
0.74 2.97946 1.56782 2.7459 -3.37921 
0.745 2.99318 1.55093 2.73196 -3.41109 
0.75 3.00684 1.53387 2.71804 -3.44274 
0.755 3.02043 1.51666 2.70413 -3.47416 
0.76 3.03396 1.49929 2.69025 -3.50536 
0.765 3.04741 1.48176 2.67639 -3.53633 
0.77 3.06079 1.46408 2.66255 -3.56707 
0.775 3.0741 1.44624 2.64873 -3.59759 
0.78 3.08734 1.42826 2.63493 -3.62788 
0.785 3.10052 1.41012 2.62115 -3.65795 
0.79 3.11363 1.39183 2.6074 -3.68779 
0.795 3.12666 1.37339 2.59366 -3.7174 
0.8 3.13963 1.3548 2.57996 -3.74678 
0.805 3.15253 1.33607 2.56627 -3.77594 
0.81 3.16536 1.31719 2.55261 -3.80487 
0.815 3.17812 1.29816 2.53897 -3.83357 
0.82 3.19082 1.279 2.52536 -3.86205 
0.825 3.20345 1.25969 2.51177 -3.8903 
0.83 3.21601 1.24023 2.4982 -3.91833 
0.835 3.2285 1.22064 2.48467 -3.94613 
0.84 3.24092 1.20091 2.47115 -3.97371 
0.845 3.25328 1.18104 2.45767 -4.00106 
0.85 3.26556 1.16104 2.44421 -4.02818 
0.855 3.27778 1.1409 2.43078 -4.05508 
0.86 3.28994 1.12062 2.41738 -4.08176 
0.865 3.30203 1.10021 2.40401 -4.10821 
0.87 3.31405 1.07967 2.39067 -4.13444 
0.875 3.326 1.059 2.37735 -4.16045 
0.88 3.33789 1.0382 2.36407 -4.18624 
0.885 3.34971 1.01727 2.35081 -4.2118 
0.89 3.36146 0.996207 2.33759 -4.23714 
0.895 3.37315 0.975021 2.3244 -4.26227 
0.9 3.38477 0.95371 2.31124 -4.28717 
0.905 3.39633 0.932274 2.29812 -4.31185 
0.91 3.40782 0.910715 2.28502 -4.33632 
0.915 3.41924 0.889033 2.27196 -4.36057 
0.92 3.4306 0.86723 2.25893 -4.3846 
0.925 3.4419 0.845307 2.24594 -4.40841 
0.93 3.45313 0.823265 2.23298 -4.43201 
0.935 3.46429 0.801105 2.22006 -4.4554 
0.94 3.47539 0.778828 2.20718 -4.47857 
0.945 3.48643 0.756435 2.19432 -4.50153 
0.95 3.4974 0.733928 2.18151 -4.52427 
0.955 3.50831 0.711306 2.16873 -4.54681 
0.96 3.51915 0.688572 2.15599 -4.56913 
0.965 3.52993 0.665727 2.14329 -4.59125 
0.97 3.54065 0.642771 2.13063 -4.61315 
0.975 3.5513 0.619705 2.118 -4.63485 
0.98 3.56189 0.596531 2.10542 -4.65634 
0.985 3.57242 0.573249 2.09287 -4.67763 
0.99 3.58288 0.549861 2.08036 -4.69871 
0.995 3.59328 0.526367 2.0679 -4.71959 
1 3.60362 0.502769 2.05547 -4.74026 
1.005 3.6139 0.479068 2.04309 -4.76073 
1.01 3.62412 0.455264 2.03075 -4.78101 
1.015 3.63427 0.431359 2.01845 -4.80108 
1.02 3.64436 0.407354 2.00619 -4.82096 
1.025 3.65439 0.383249 1.99397 -4.84063 
1.03 3.66436 0.359046 1.9818 -4.86012 
1.035 3.67427 0.334745 1.96967 -4.8794 
1.04 3.68412 0.310348 1.95758 -4.8985 
1.045 3.69391 0.285856 1.94554 -4.9174 
1.05 3.70363 0.261269 1.93354 -4.93611 
1.055 3.7133 0.236588 1.92159 -4.95463 
1.06 3.72291 0.211815 1.90968 -4.97295 
1.065 3.73246 0.18695 1.89782 -4.9911 
1.07 3.74195 0.161995 1.886 -5.00905 
1.075 3.75138 0.13695 1.87423 -5.02682 
1.08 3.76075 0.111816 1.86251 -5.04441 
1.085 3.77006 0.0865935 1.85083 -5.06181 
1.09 3.77932 0.0612845 1.8392 -5.07903 
1.095 3.78851 0.0358893 1.82761 -5.09607 
1.1 3.79765 0.0104089 1.81607 -5.11293 
1.105 3.80673 -0.0151557 1.80458 -5.12961 
