0 0 1.70232 5.99854 3.99724 
0.005 0.0299927 1.72231 5.97605 3.93322 
0.01 0.059873 1.74197 5.95382 3.86955 
0.015 0.089642 1.76132 5.93183 3.80623 
0.02 0.119301 1.78035 5.91008 3.74324 
0.025 0.148852 1.79907 5.88858 3.68059 
0.03 0.178294 1.81747 5.86731 3.61826 
0.035 0.207631 1.83556 5.84628 3.55626 
0.04 0.236862 1.85334 5.82547 3.49457 
0.045 0.26599 1.87082 5.80489 3.43319 
0.05 0.295014 1.88798 5.78453 3.37211 
0.055 0.323937 1.90484 5.76439 3.31134 
0.06 0.352759 1.9214 5.74446 3.25086 
0.065 0.381481 1.93765 5.72474 3.19066 
0.07 0.410105 1.95361 5.70522 3.13075 
0.075 0.438631 1.96926 5.68591 3.07112 
0.08 0.46706 1.98462 5.6668 3.01177 
0.085 0.495394 1.99968 5.64789 2.95268 
0.09 0.523634 2.01444 5.62917 2.89386 
0.095 0.55178 2.02891 5.61064 2.8353 
0.1 0.579833 2.04309 5.59229 2.777 
0.105 0.607794 2.05697 5.57413 2.71895 
0.11 0.635665 2.07057 5.55616 2.66115 
0.115 0.663446 2.08387 5.53835 2.60359 
0.12 0.691138 2.09689 5.52073 2.54627 
0.125 0.718741 2.10962 5.50327 2.48918 
0.13 0.746258 2.12207 5.48598 2.43233 
0.135 0.773688 2.13423 5.46886 2.37571 
0.14 0.801032 2.14611 5.4519 2.3193 
0.145 0.828291 2.1577 5.4351 2.26313 
0.15 0.855467 2.16902 5.41846 2.20716 
0.155 0.882559 2.18005 5.40197 2.15141 
0.16 0.909569 2.19081 5.38564 2.09587 
0.165 0.936497 2.20129 5.36945 2.04054 
0.17 0.963344 2.21149 5.35341 1.98541 
0.175 0.990111 2.22142 5.33751 1.93048 
0.18 1.0168 2.23107 5.32175 1.87575 
0.185 1.04341 2.24045 5.30614 1.82121 
0.19 1.06994 2.24956 5.29065 1.76687 
0.195 1.09639 2.25839 5.27531 1.71271 
0.2 1.12277 2.26696 5.26009 1.65873 
0.205 1.14907 2.27525 5.245 1.60494 
0.21 1.17529 2.28327 5.23004 1.55133 
0.215 1.20144 2.29103 5.2152 1.4979 
0.22 1.22752 2.29852 5.20048 1.44464 
0.225 1.25352 2.30574 5.18588 1.39155 
0.23 1.27945 2.3127 5.1714 1.33863 
0.235 1.30531 2.31939 5.15704 1.28588 
0.24 1.33109 2.32582 5.14278 1.23329 
0.245 1.35681 2.33199 5.12863 1.18086 
0.25 1.38245 2.33789 5.1146 1.1286 
0.255 1.40802 2.34354 5.10066 1.07649 
0.26 1.43353 2.34892 5.08684 1.02454 
0.265 1.45896 2.35404 5.07311 0.972739 
0.27 1.48433 2.35891 5.05948 0.921092 
0.275 1.50962 2.36351 5.04595 0.869596 
0.28 1.53485 2.36786 5.03251 0.818247 
0.285 1.56002 2.37195 5.01916 0.767044 
0.29 1.58511 2.37579 5.00591 0.715985 
0.295 1.61014 2.37937 4.99274 0.665069 
0.3 1.63511 2.38269 4.97967 0.614293 
0.305 1.66 2.38576 4.96667 0.563657 
0.31 1.68484 2.38858 4.95376 0.513158 
0.315 1.70961 2.39115 4.94093 0.462796 
0.32 1.73431 2.39346 4.92818 0.412568 
0.325 1.75895 2.39552 4.9155 0.362474 
0.33 1.78353 2.39734 4.9029 0.312511 
0.335 1.80804 2.3989 4.89037 0.26268 
0.34 1.8325 2.40021 4.87792 0.212977 
0.345 1.85689 2.40128 4.86553 0.163403 
0.35 1.88121 2.40209 4.85321 0.113956 
0.355 1.90548 2.40266 4.84096 0.0646353 
0.36 1.92968 2.40299 4.82877 0.0154393 
0.365 1.95383 2.40306 4.81664 -0.0336327 
0.37 1.97791 2.4029 4.80458 -0.0825817 
0.375 2.00193 2.40248 4.79257 -0.131409 
0.38 2.0259 2.40183 4.78062 -0.180114 
0.385 2.0498 2.40093 4.76872 -0.228699 
0.39 2.07364 2.39978 4.75688 -0.277165 
0.395 2.09743 2.3984 4.74509 -0.325511 
0.4 2.12115 2.39677 4.73336 -0.373739 
0.405 2.14482 2.3949 4.72167 -0.421849 
0.41 2.16843 2.39279 4.71003 -0.469843 
0.415 2.19198 2.39044 4.69843 -0.517719 
0.42 2.21547 2.38785 4.68688 -0.56548 
0.425 2.2389 2.38503 4.67537 -0.613125 
0.43 2.26228 2.38196 4.66391 -0.660654 
0.435 2.2856 2.37866 4.65248 -0.708069 
0.44 2.30886 2.37512 4.64109 -0.755369 
0.445 2.33207 2.37134 4.62974 -0.802555 
0.45 2.35522 2.36733 4.61843 -0.849627 
0.455 2.37831 2.36308 4.60715 -0.896585 
0.46 2.40135 2.3586 4.5959 -0.94343 
0.465 2.42433 2.35388 4.58469 -0.990161 
0.47 2.44725 2.34893 4.57351 -1.03678 
0.475 2.47012 2.34374 4.56235 -1.08328 
0.48 2.49293 2.33833 4.55122 -1.12967 
0.485 2.51568 2.33268 4.54012 -1.17595 
0.49 2.53838 2.3268 4.52905 -1.22212 
0.495 2.56103 2.32069 4.518 -1.26817 
0.5 2.58362 2.31435 4.50697 -1.31411 
0.505 2.60616 2.30778 4.49597 -1.35993 
0.51 2.62863 2.30098 4.48499 -1.40564 
0.515 2.65106 2.29395 4.47402 -1.45124 
0.52 2.67343 2.28669 4.46308 -1.49672 
0.525 2.69575 2.27921 4.45215 -1.54209 
0.53 2.71801 2.2715 4.44124 -1.58735 
0.535 2.74021 2.26356 4.43035 -1.63249 
0.54 2.76236 2.2554 4.41947 -1.67751 
0.545 2.78446 2.24701 4.4086 -1.72242 
0.55 2.8065 2.2384 4.39775 -1.76721 
0.555 2.82849 2.22956 4.38691 -1.81189 
0.56 2.85043 2.2205 4.37608 -1.85645 
0.565 2.87231 2.21122 4.36526 -1.90089 
0.57 2.89413 2.20172 4.35445 -1.94522 
0.575 2.91591 2.19199 4.34365 -1.98943 
0.58 2.93762 2.18204 4.33286 -2.03352 
0.585 2.95929 2.17188 4.32207 -2.07749 
0.59 2.9809 2.16149 4.3113 -2.12134 
0.595 3.00246 2.15088 4.30052 -2.16507 
0.6 3.02396 2.14006 4.28975 -2.20869 
0.605 3.04541 2.12901 4.27899 -2.25218 
0.61 3.0668 2.11775 4.26823 -2.29555 
0.615 3.08814 2.10628 4.25747 -2.33879 
0.62 3.10943 2.09458 4.24671 -2.38192 
0.625 3.13066 2.08267 4.23596 -2.42492 
0.63 3.15184 2.07055 4.22521 -2.4678 
0.635 3.17297 2.05821 4.21445 -2.51055 
0.64 3.19404 2.04566 4.2037 -2.55318 
0.645 3.21506 2.03289 4.19295 -2.59568 
0.65 3.23603 2.01991 4.18219 -2.63806 
0.655 3.25694 2.00672 4.17144 -2.68031 
0.66 3.27779 1.99332 4.16068 -2.72243 
0.665 3.2986 1.97971 4.14992 -2.76442 
0.67 3.31935 1.96588 4.13916 -2.80628 
0.675 3.34004 1.95185 4.12839 -2.84802 
0.68 3.36068 1.93761 4.11763 -2.88962 
0.685 3.38127 1.92317 4.10685 -2.9311 
0.69 3.40181 1.90851 4.09608 -2.97244 
0.695 3.42229 1.89365 4.08529 -3.01365 
0.7 3.44271 1.87858 4.07451 -3.05472 
0.705 3.46309 1.86331 4.06372 -3.09567 
0.71 3.48341 1.84783 4.05292 -3.13648 
0.715 3.50367 1.83215 4.04212 -3.17715 
0.72 3.52388 1.81626 4.03131 -3.21769 
0.725 3.54404 1.80017 4.0205 -3.25809 
0.73 3.56414 1.78388 4.00967 -3.29835 
0.735 3.58419 1.76739 3.99885 -3.33848 
0.74 3.60418 1.7507 3.98801 -3.37847 
0.745 3.62412 1.7338 3.97717 -3.41832 
0.75 3.64401 1.71671 3.96633 -3.45803 
0.755 3.66384 1.69942 3.95547 -3.4976 
0.76 3.68362 1.68193 3.94461 -3.53703 
0.765 3.70334 1.66425 3.93374 -3.57631 
0.77 3.72301 1.64637 3.92286 -3.61546 
0.775 3.74262 1.62829 3.91198 -3.65446 
0.78 3.76218 1.61002 3.90109 -3.69332 
0.785 3.78169 1.59155 3.89019 -3.73203 
0.79 3.80114 1.57289 3.87928 -3.7706 
0.795 3.82054 1.55404 3.86836 -3.80903 
0.8 3.83988 1.53499 3.85744 -3.8473 
0.805 3.85916 1.51576 3.84651 -3.88544 
0.81 3.8784 1.49633 3.83558 -3.92342 
0.815 3.89758 1.47671 3.82463 -3.96126 
0.82 3.9167 1.45691 3.81368 -3.99895 
0.825 3.93577 1.43691 3.80272 -4.03649 
0.83 3.95478 1.41673 3.79175 -4.07388 
0.835 3.97374 1.39636 3.78077 -4.11112 
0.84 3.99264 1.3758 3.76979 -4.14821 
0.845 4.01149 1.35506 3.7588 -4.18515 
0.85 4.03029 1.33414 3.7478 -4.22194 
0.855 4.04902 1.31303 3.7368 -4.25858 
0.86 4.06771 1.29173 3.72579 -4.29506 
0.865 4.08634 1.27026 3.71477 -4.3314 
0.87 4.10491 1.2486 3.70375 -4.36757 
0.875 4.12343 1.22676 3.69272 -4.4036 
0.88 4.14189 1.20475 3.68168 -4.43947 
0.885 4.1603 1.18255 3.67064 -4.47519 
0.89 4.17866 1.16017 3.65959 -4.51075 
0.895 4.19695 1.13762 3.64853 -4.54616 
0.9 4.2152 1.11489 3.63747 -4.58141 
0.905 4.23338 1.09198 3.6264 -4.6165 
0.91 4.25152 1.0689 3.61533 -4.65144 
0.915 4.26959 1.04564 3.60425 -4.68622 
0.92 4.28761 1.02221 3.59317 -4.72085 
0.925 4.30558 0.998606 3.58209 -4.75531 
0.93 4.32349 0.97483 3.57099 -4.78962 
0.935 4.34134 0.950882 3.5599 -4.82377 
0.94 4.35914 0.926763 3.5488 -4.85777 
0.945 4.37689 0.902474 3.53769 -4.8916 
0.95 4.39458 0.878016 3.52659 -4.92528 
0.955 4.41221 0.85339 3.51548 -4.95879 
0.96 4.42979 0.828596 3.50436 -4.99215 
0.965 4.44731 0.803635 3.49325 -5.02535 
0.97 4.46477 0.778508 3.48213 -5.05838 
0.975 4.48219 0.753216 3.47101 -5.09126 
0.98 4.49954 0.72776 3.45988 -5.12398 
0.985 4.51684 0.70214 3.44876 -5.15653 
0.99 4.53408 0.676357 3.43763 -5.18893 
0.995 4.55127 0.650413 3.4265 -5.22117 
1 4.5684 0.624307 3.41537 -5.25324 
1.005 4.58548 0.598041 3.40424 -5.28516 
1.01 4.6025 0.571615 3.39311 -5.31691 
1.015 4.61947 0.54503 3.38198 -5.3485 
1.02 4.63638 0.518288 3.37085 -5.37993 
1.025 4.65323 0.491388 3.35972 -5.4112 
1.03 4.67003 0.464332 3.34859 -5.44231 
1.035 4.68677 0.437121 3.33746 -5.47325 
1.04 4.70346 0.409754 3.32634 -5.50404 
1.045 4.72009 0.382234 3.31521 -5.53466 
1.05 4.73667 0.354561 3.30409 -5.56513 
1.055 4.75319 0.326735 3.29296 -5.59543 
1.06 4.76965 0.298758 3.28185 -5.62557 
1.065 4.78606 0.27063 3.27073 -5.65554 
1.07 4.80242 0.242353 3.25962 -5.68536 
1.075 4.81872 0.213926 3.24851 -5.71502 
1.08 4.83496 0.185351 3.2374 -5.74451 
1.085 4.85114 0.156628 3.2263 -5.77384 
1.09 4.86728 0.127759 3.2152 -5.80302 
1.095 4.88335 0.0987438 3.20411 -5.83203 
1.1 4.89937 0.0695837 3.19302 -5.86088 
1.105 4.91534 0.0402793 3.18193 -5.88957 
1.11 4.93125 0.0108315 3.17086 -5.91809 
1.115 4.9471 -0.018759 3.15978 -5.94646 
