0 0 1.70088 5.98786 3.99845 
0.005 0.0299393 1.72088 5.67154 3.73819 
0.01 0.058297 1.73957 5.38889 3.50286 
0.015 0.0852415 1.75708 5.13477 3.28864 
0.02 0.110915 1.77352 4.90506 3.09249 
0.025 0.135441 1.78899 4.69638 2.91189 
0.03 0.158923 1.80355 4.50598 2.7448 
0.035 0.181452 1.81727 4.33155 2.58952 
0.04 0.20311 1.83022 4.17117 2.4446 
0.045 0.223966 1.84244 4.02322 2.30886 
0.05 0.244082 1.85399 3.88629 2.18125 
0.055 0.263514 1.86489 3.75922 2.06089 
0.06 0.28231 1.8752 3.64098 1.94704 
0.065 0.300515 1.88493 3.53069 1.83902 
0.07 0.318168 1.89413 3.42756 1.73627 
0.075 0.335306 1.90281 3.33094 1.6383 
0.08 0.351961 1.911 3.24022 1.54464 
0.085 0.368162 1.91872 3.15489 1.45493 
0.09 0.383936 1.926 3.07447 1.36881 
0.095 0.399309 1.93284 2.99856 1.28598 
0.1 0.414301 1.93927 2.92678 1.20616 
0.105 0.428935 1.9453 2.8588 1.12912 
0.11 0.443229 1.95095 2.79434 1.05462 
0.115 0.457201 1.95622 2.7331 0.982478 
0.12 0.470866 1.96113 2.67486 0.91251 
0.125 0.484241 1.9657 2.6194 0.844555 
0.13 0.497338 1.96992 2.56651 0.778468 
0.135 0.51017 1.97381 2.51601 0.714117 
0.14 0.52275 1.97738 2.46773 0.651381 
0.145 0.535089 1.98064 2.42152 0.59015 
0.15 0.547197 1.98359 2.37724 0.530325 
0.155 0.559083 1.98624 2.33476 0.471815 
0.16 0.570757 1.9886 2.29395 0.414536 
0.165 0.582226 1.99067 2.25472 0.358413 
0.17 0.5935 1.99246 2.21695 0.303377 
0.175 0.604585 1.99398 2.18056 0.249363 
0.18 0.615487 1.99523 2.14545 0.196314 
0.185 0.626215 1.99621 2.11153 0.144178 
0.19 0.636772 1.99693 2.07875 0.0929059 
0.195 0.647166 1.9974 2.04701 0.0424543 
0.2 0.657401 1.99761 2.01626 -0.0072167 
0.205 0.667482 1.99757 1.98643 -0.0561432 
0.21 0.677415 1.99729 1.95747 -0.104358 
0.215 0.687202 1.99677 1.92932 -0.15189 
0.22 0.696849 1.99601 1.90192 -0.198767 
0.225 0.706358 1.99502 1.87524 -0.245011 
0.23 0.715734 1.99379 1.84922 -0.290645 
0.235 0.72498 1.99234 1.82382 -0.335687 
0.24 0.7341 1.99066 1.79901 -0.380153 
0.245 0.743095 1.98876 1.77474 -0.424057 
0.25 0.751968 1.98664 1.75098 -0.467413 
0.255 0.760723 1.9843 1.7277 -0.510232 
0.26 0.769362 1.98175 1.70486 -0.552521 
0.265 0.777886 1.97899 1.68245 -0.59429 
0.27 0.786298 1.97602 1.66042 -0.635543 
0.275 0.7946 1.97284 1.63876 -0.676286 
0.28 0.802794 1.96946 1.61745 -0.716523 
0.285 0.810881 1.96587 1.59645 -0.756256 
0.29 0.818864 1.96209 1.57576 -0.795488 
0.295 0.826743 1.95812 1.55536 -0.834219 
0.3 0.834519 1.95394 1.53522 -0.87245 
0.305 0.842195 1.94958 1.51533 -0.91018 
0.31 0.849772 1.94503 1.49567 -0.947409 
0.315 0.85725 1.94029 1.47624 -0.984136 
0.32 0.864632 1.93537 1.45703 -1.02036 
0.325 0.871917 1.93027 1.43801 -1.05608 
0.33 0.879107 1.92499 1.41919 -1.09128 
0.335 0.886203 1.91953 1.40055 -1.12598 
0.34 0.893206 1.9139 1.38208 -1.16017 
0.345 0.900116 1.9081 1.36379 -1.19385 
0.35 0.906935 1.90213 1.34565 -1.227 
0.355 0.913663 1.896 1.32767 -1.25964 
0.36 0.920301 1.8897 1.30984 -1.29176 
0.365 0.926851 1.88324 1.29216 -1.32336 
0.37 0.933312 1.87663 1.27463 -1.35443 
0.375 0.939685 1.86985 1.25724 -1.38499 
0.38 0.945971 1.86293 1.23998 -1.41501 
0.385 0.952171 1.85585 1.22287 -1.44451 
0.39 0.958285 1.84863 1.20589 -1.47349 
0.395 0.964315 1.84126 1.18904 -1.50194 
0.4 0.97026 1.83375 1.17233 -1.52986 
0.405 0.976121 1.8261 1.15575 -1.55726 
0.41 0.9819 1.81832 1.13931 -1.58414 
0.415 0.987597 1.8104 1.123 -1.61049 
0.42 0.993212 1.80235 1.10682 -1.63633 
0.425 0.998746 1.79416 1.09078 -1.66164 
0.43 1.0042 1.78586 1.07487 -1.68644 
0.435 1.00957 1.77742 1.0591 -1.71073 
0.44 1.01487 1.76887 1.04346 -1.73451 
0.445 1.02009 1.7602 1.02797 -1.75779 
0.45 1.02523 1.75141 1.01261 -1.78056 
0.455 1.03029 1.74251 0.997392 -1.80283 
0.46 1.03528 1.73349 0.982315 -1.82461 
0.465 1.04019 1.72437 0.96738 -1.8459 
0.47 1.04503 1.71514 0.952589 -1.86671 
0.475 1.04979 1.7058 0.937942 -1.88704 
0.48 1.05448 1.69637 0.923441 -1.9069 
0.485 1.05909 1.68684 0.909086 -1.92629 
0.49 1.06364 1.6772 0.894879 -1.94522 
0.495 1.06811 1.66748 0.880821 -1.9637 
0.5 1.07252 1.65766 0.866912 -1.98172 
0.505 1.07685 1.64775 0.853155 -1.99931 
0.51 1.08112 1.63775 0.839548 -2.01645 
0.515 1.08532 1.62767 0.826094 -2.03317 
0.52 1.08945 1.61751 0.812793 -2.04947 
0.525 1.09351 1.60726 0.799645 -2.06535 
0.53 1.09751 1.59693 0.786652 -2.08082 
0.535 1.10144 1.58653 0.773812 -2.0959 
0.54 1.10531 1.57605 0.761128 -2.11057 
0.545 1.10912 1.5655 0.748599 -2.12486 
0.55 1.11286 1.55487 0.736226 -2.13878 
0.555 1.11654 1.54418 0.724008 -2.15232 
0.56 1.12016 1.53342 0.711945 -2.16549 
0.565 1.12372 1.52259 0.700038 -2.17831 
0.57 1.12722 1.5117 0.688287 -2.19077 
0.575 1.13066 1.50074 0.676691 -2.2029 
0.58 1.13405 1.48973 0.665249 -2.21468 
0.585 1.13737 1.47865 0.653963 -2.22614 
0.59 1.14064 1.46752 0.64283 -2.23728 
0.595 1.14386 1.45634 0.631852 -2.2481 
0.6 1.14702 1.4451 0.621026 -2.25862 
0.605 1.15012 1.4338 0.610353 -2.26884 
0.61 1.15317 1.42246 0.599832 -2.27876 
0.615 1.15617 1.41107 0.589462 -2.2884 
0.62 1.15912 1.39962 0.579242 -2.29775 
0.625 1.16202 1.38814 0.569172 -2.30684 
0.63 1.16486 1.3766 0.559249 -2.31566 
0.635 1.16766 1.36502 0.549475 -2.32422 
0.64 1.17041 1.3534 0.539847 -2.33253 
0.645 1.1731 1.34174 0.530364 -2.34059 
0.65 1.17576 1.33004 0.521025 -2.34841 
0.655 1.17836 1.31829 0.51183 -2.35599 
0.66 1.18092 1.30651 0.502776 -2.36335 
0.665 1.18343 1.2947 0.493863 -2.37049 
0.67 1.1859 1.28284 0.48509 -2.37741 
0.675 1.18833 1.27096 0.476454 -2.38412 
0.68 1.19071 1.25904 0.467955 -2.39063 
0.685 1.19305 1.24708 0.459592 -2.39693 
0.69 1.19535 1.2351 0.451362 -2.40305 
0.695 1.19761 1.22308 0.443265 -2.40897 
0.7 1.19982 1.21104 0.435299 -2.41471 
0.705 1.202 1.19897 0.427463 -2.42028 
0.71 1.20414 1.18686 0.419755 -2.42567 
0.715 1.20623 1.17474 0.412174 -2.43089 
0.72 1.2083 1.16258 0.404718 -2.43595 
0.725 1.21032 1.1504 0.397385 -2.44085 
0.73 1.21231 1.1382 0.390175 -2.4456 
0.735 1.21426 1.12597 0.383086 -2.45019 
0.74 1.21617 1.11372 0.376115 -2.45465 
0.745 1.21805 1.10145 0.369263 -2.45896 
0.75 1.2199 1.08915 0.362526 -2.46313 
0.755 1.22171 1.07683 0.355904 -2.46717 
0.76 1.22349 1.0645 0.349395 -2.47108 
0.765 1.22524 1.05214 0.342998 -2.47487 
0.77 1.22695 1.03977 0.33671 -2.47854 
0.775 1.22864 1.02738 0.330531 -2.48209 
0.78 1.23029 1.01497 0.324459 -2.48552 
0.785 1.23191 1.00254 0.318492 -2.48884 
0.79 1.2335 0.990094 0.312629 -2.49206 
0.795 1.23507 0.977634 0.306868 -2.49517 
0.8 1.2366 0.965158 0.301208 -2.49818 
0.805 1.23811 0.952667 0.295647 -2.50109 
0.81 1.23959 0.940162 0.290184 -2.50391 
0.815 1.24104 0.927642 0.284817 -2.50664 
0.82 1.24246 0.915109 0.279546 -2.50928 
0.825 1.24386 0.902563 0.274367 -2.51183 
0.83 1.24523 0.890003 0.269281 -2.5143 
0.835 1.24658 0.877432 0.264285 -2.51668 
0.84 1.2479 0.864849 0.259379 -2.51899 
0.845 1.2492 0.852254 0.254559 -2.52122 
0.85 1.25047 0.839647 0.249827 -2.52338 
0.855 1.25172 0.827031 0.245179 -2.52547 
0.86 1.25294 0.814403 0.240615 -2.52749 
0.865 1.25415 0.801766 0.236133 -2.52944 
0.87 1.25533 0.789119 0.231731 -2.53133 
0.875 1.25649 0.776462 0.22741 -2.53315 
0.88 1.25762 0.763796 0.223166 -2.53492 
0.885 1.25874 0.751121 0.219 -2.53662 
0.89 1.25983 0.738438 0.214909 -2.53827 
0.895 1.26091 0.725747 0.210892 -2.53987 
0.9 1.26196 0.713048 0.206949 -2.54141 
0.905 1.263 0.700341 0.203077 -2.5429 
0.91 1.26401 0.687626 0.199276 -2.54434 
0.915 1.26501 0.674904 0.195545 -2.54573 
0.92 1.26599 0.662176 0.191882 -2.54708 
0.925 1.26695 0.64944 0.188286 -2.54838 
0.93 1.26789 0.636699 0.184756 -2.54963 
0.935 1.26881 0.62395 0.181291 -2.55085 
0.94 1.26972 0.611196 0.177889 -2.55202 
0.945 1.27061 0.598436 0.174551 -2.55315 
0.95 1.27148 0.58567 0.171273 -2.55425 
0.955 1.27234 0.572899 0.168056 -2.55531 
0.96 1.27318 0.560122 0.164899 -2.55633 
0.965 1.274 0.547341 0.1618 -2.55732 
0.97 1.27481 0.534554 0.158758 -2.55828 
0.975 1.2756 0.521763 0.155772 -2.5592 
0.98 1.27638 0.508967 0.152842 -2.56009 
0.985 1.27715 0.496166 0.149966 -2.56095 
0.99 1.2779 0.483362 0.147144 -2.56178 
0.995 1.27863 0.470553 0.144373 -2.56259 
1 1.27935 0.45774 0.141655 -2.56336 
1.005 1.28006 0.444923 0.138987 -2.56412 
1.01 1.28076 0.432102 0.136368 -2.56484 
1.015 1.28144 0.419278 0.133798 -2.56554 
1.02 1.28211 0.406451 0.131276 -2.56622 
1.025 1.28276 0.393619 0.128801 -2.56687 
1.03 1.28341 0.380785 0.126373 -2.5675 
1.035 1.28404 0.367948 0.123989 -2.56811 
1.04 1.28466 0.355107 0.12165 -2.5687 
1.045 1.28527 0.342263 0.119355 -2.56927 
1.05 1.28587 0.329417 0.117103 -2.56982 
1.055 1.28645 0.316568 0.114893 -2.57035 
1.06 1.28703 0.303716 0.112724 -2.57086 
1.065 1.28759 0.290862 0.110596 -2.57136 
1.07 1.28814 0.278005 0.108507 -2.57184 
1.075 1.28868 0.265146 0.106458 -2.5723 
1.08 1.28922 0.252284 0.104447 -2.57274 
1.085 1.28974 0.239421 0.102474 -2.57317 
1.09 1.29025 0.226555 0.100538 -2.57359 
1.095 1.29075 0.213687 0.0986381 -2.57399 
1.1 1.29125 0.200817 0.0967739 -2.57438 
1.105 1.29173 0.187945 0.0949448 -2.57475 
1.11 1.29221 0.175071 0.09315 -2.57512 
1.115 1.29267 0.162196 0.091389 -2.57547 
1.12 1.29313 0.149318 0.089661 -2.5758 
1.125 1.29358 0.136439 0.0879655 -2.57613 
1.13 1.29402 0.123559 0.086302 -2.57644 
1.135 1.29445 0.110677 0.0846697 -2.57675 
1.14 1.29487 0.0977928 0.0830681 -2.57704 
1.145 1.29529 0.0849076 0.0814967 -2.57732 
1.15 1.29569 0.072021 0.0799549 -2.5776 
1.155 1.29609 0.059133 0.0784421 -2.57786 
1.16 1.29649 0.0462437 0.0769578 -2.57811 
1.165 1.29687 0.0333531 0.0755015 -2.57836 
1.17 1.29725 0.0204613 0.0740726 -2.5786 
1.175 1.29762 0.00756832 0.0726707 -2.57883 
1.18 1.29798 -0.00532581 0.0712952 -2.57905 
