0 0 1.70084 6.01193 4.00348 
0.005 0.0300596 1.72086 5.98195 3.93449 
0.01 0.0599694 1.74053 5.95239 3.86601 
0.015 0.0897314 1.75986 5.92323 3.79804 
0.02 0.119348 1.77885 5.89447 3.73056 
0.025 0.14882 1.79751 5.86609 3.66357 
0.03 0.17815 1.81582 5.83809 3.59704 
0.035 0.207341 1.83381 5.81046 3.53099 
0.04 0.236393 1.85146 5.78319 3.46538 
0.045 0.265309 1.86879 5.75628 3.40023 
0.05 0.29409 1.88579 5.72972 3.3355 
0.055 0.322739 1.90247 5.7035 3.27121 
0.06 0.351256 1.91883 5.67762 3.20733 
0.065 0.379645 1.93486 5.65206 3.14386 
0.07 0.407905 1.95058 5.62683 3.08079 
0.075 0.436039 1.96599 5.60192 3.01812 
0.08 0.464049 1.98108 5.57732 2.95583 
0.085 0.491935 1.99586 5.55302 2.89392 
0.09 0.5197 2.01033 5.52902 2.83238 
0.095 0.547345 2.02449 5.50531 2.7712 
0.1 0.574872 2.03834 5.48189 2.71038 
0.105 0.602281 2.0519 5.45875 2.64991 
0.11 0.629575 2.06514 5.43589 2.58978 
0.115 0.656755 2.07809 5.4133 2.52998 
0.12 0.683821 2.09074 5.39098 2.47051 
0.125 0.710776 2.1031 5.36891 2.41137 
0.13 0.737621 2.11515 5.3471 2.35254 
0.135 0.764356 2.12692 5.32554 2.29402 
0.14 0.790984 2.13839 5.30423 2.23581 
0.145 0.817505 2.14956 5.28316 2.17789 
0.15 0.843921 2.16045 5.26232 2.12027 
0.155 0.870232 2.17106 5.24171 2.06293 
0.16 0.896441 2.18137 5.22133 2.00588 
0.165 0.922548 2.1914 5.20118 1.9491 
0.17 0.948553 2.20115 5.18124 1.8926 
0.175 0.97446 2.21061 5.16151 1.83636 
0.18 1.00027 2.21979 5.142 1.78038 
0.185 1.02598 2.22869 5.12268 1.72466 
0.19 1.05159 2.23732 5.10357 1.66919 
0.195 1.07711 2.24566 5.08466 1.61397 
0.2 1.10253 2.25373 5.06594 1.559 
0.205 1.12786 2.26153 5.0474 1.50426 
0.21 1.1531 2.26905 5.02906 1.44976 
0.215 1.17824 2.2763 5.01089 1.39549 
0.22 1.2033 2.28327 4.9929 1.34145 
0.225 1.22826 2.28998 4.97508 1.28763 
0.23 1.25314 2.29642 4.95744 1.23403 
0.235 1.27793 2.30259 4.93996 1.18064 
0.24 1.30263 2.30849 4.92264 1.12747 
0.245 1.32724 2.31413 4.90548 1.07451 
0.25 1.35177 2.3195 4.88848 1.02175 
0.255 1.37621 2.32461 4.87163 0.969193 
0.26 1.40057 2.32946 4.85493 0.916838 
0.265 1.42484 2.33404 4.83837 0.864678 
0.27 1.44903 2.33836 4.82196 0.812711 
0.275 1.47314 2.34243 4.80569 0.760935 
0.28 1.49717 2.34623 4.78955 0.709347 
0.285 1.52112 2.34978 4.77354 0.657943 
0.29 1.54499 2.35307 4.75767 0.606721 
0.295 1.56877 2.3561 4.74192 0.55568 
0.3 1.59248 2.35888 4.72629 0.504815 
0.305 1.61612 2.36141 4.71079 0.454126 
0.31 1.63967 2.36368 4.6954 0.403609 
0.315 1.66315 2.36569 4.68013 0.353263 
0.32 1.68655 2.36746 4.66496 0.303086 
0.325 1.70987 2.36898 4.64991 0.253075 
0.33 1.73312 2.37024 4.63497 0.203228 
0.335 1.7563 2.37126 4.62013 0.153544 
0.34 1.7794 2.37202 4.60539 0.104021 
0.345 1.80242 2.37254 4.59074 0.0546567 
0.35 1.82538 2.37282 4.5762 0.0054503 
0.355 1.84826 2.37285 4.56174 -0.0436002 
0.36 1.87107 2.37263 4.54738 -0.0924961 
0.365 1.8938 2.37216 4.5331 -0.141239 
0.37 1.91647 2.37146 4.51891 -0.18983 
0.375 1.93906 2.37051 4.50481 -0.238271 
0.38 1.96159 2.36932 4.49078 -0.286562 
0.385 1.98404 2.36789 4.47683 -0.334705 
0.39 2.00643 2.36621 4.46296 -0.382702 
0.395 2.02874 2.3643 4.44917 -0.430552 
0.4 2.05099 2.36215 4.43544 -0.478257 
0.405 2.07316 2.35975 4.42178 -0.525817 
0.41 2.09527 2.35713 4.40819 -0.573235 
0.415 2.11731 2.35426 4.39467 -0.620509 
0.42 2.13929 2.35116 4.38121 -0.667641 
0.425 2.16119 2.34782 4.3678 -0.714633 
0.43 2.18303 2.34425 4.35446 -0.761483 
0.435 2.20481 2.34044 4.34118 -0.808193 
0.44 2.22651 2.3364 4.32795 -0.854763 
0.445 2.24815 2.33212 4.31477 -0.901193 
0.45 2.26972 2.32762 4.30164 -0.947485 
0.455 2.29123 2.32288 4.28856 -0.993638 
0.46 2.31268 2.31791 4.27553 -1.03965 
0.465 2.33405 2.31271 4.26255 -1.08553 
0.47 2.35537 2.30729 4.24961 -1.13127 
0.475 2.37661 2.30163 4.23671 -1.17687 
0.48 2.3978 2.29574 4.22385 -1.22233 
0.485 2.41892 2.28963 4.21103 -1.26765 
0.49 2.43997 2.28329 4.19825 -1.31284 
0.495 2.46096 2.27673 4.18551 -1.35788 
0.5 2.48189 2.26994 4.17279 -1.40279 
0.505 2.50275 2.26293 4.16012 -1.44756 
0.51 2.52356 2.25569 4.14747 -1.4922 
0.515 2.54429 2.24823 4.13485 -1.53669 
0.52 2.56497 2.24055 4.12226 -1.58104 
0.525 2.58558 2.23264 4.1097 -1.62526 
0.53 2.60613 2.22451 4.09716 -1.66934 
0.535 2.62661 2.21617 4.08465 -1.71327 
0.54 2.64704 2.2076 4.07217 -1.75707 
0.545 2.6674 2.19882 4.0597 -1.80072 
0.55 2.6877 2.18981 4.04726 -1.84424 
0.555 2.70793 2.18059 4.03483 -1.88761 
0.56 2.72811 2.17115 4.02243 -1.93084 
0.565 2.74822 2.1615 4.01004 -1.97392 
0.57 2.76827 2.15163 3.99767 -2.01687 
0.575 2.78826 2.14154 3.98532 -2.05967 
0.58 2.80818 2.13125 3.97298 -2.10232 
0.585 2.82805 2.12073 3.96065 -2.14484 
0.59 2.84785 2.11001 3.94834 -2.1872 
0.595 2.86759 2.09907 3.93604 -2.22942 
0.6 2.88727 2.08793 3.92375 -2.27149 
0.605 2.90689 2.07657 3.91147 -2.31342 
0.61 2.92645 2.065 3.8992 -2.3552 
0.615 2.94595 2.05323 3.88694 -2.39682 
0.62 2.96538 2.04124 3.87469 -2.4383 
0.625 2.98475 2.02905 3.86245 -2.47963 
0.63 3.00407 2.01665 3.85021 -2.52081 
0.635 3.02332 2.00405 3.83798 -2.56184 
0.64 3.04251 1.99124 3.82576 -2.60271 
0.645 3.06164 1.97823 3.81354 -2.64343 
0.65 3.0807 1.96501 3.80133 -2.684 
0.655 3.09971 1.95159 3.78912 -2.72441 
0.66 3.11866 1.93797 3.77692 -2.76467 
0.665 3.13754 1.92414 3.76471 -2.80477 
0.67 3.15636 1.91012 3.75252 -2.84472 
0.675 3.17513 1.8959 3.74032 -2.8845 
0.68 3.19383 1.88147 3.72813 -2.92413 
0.685 3.21247 1.86685 3.71593 -2.96361 
0.69 3.23105 1.85203 3.70374 -3.00292 
0.695 3.24957 1.83702 3.69156 -3.04207 
0.7 3.26802 1.82181 3.67937 -3.08106 
0.705 3.28642 1.8064 3.66718 -3.11989 
0.71 3.30476 1.7908 3.65499 -3.15855 
0.715 3.32303 1.77501 3.64281 -3.19705 
0.72 3.34125 1.75903 3.63062 -3.23539 
0.725 3.3594 1.74285 3.61844 -3.27357 
0.73 3.37749 1.72648 3.60625 -3.31157 
0.735 3.39552 1.70992 3.59406 -3.34942 
0.74 3.41349 1.69318 3.58188 -3.38709 
0.745 3.4314 1.67624 3.56969 -3.4246 
0.75 3.44925 1.65912 3.5575 -3.46194 
0.755 3.46704 1.64181 3.54531 -3.49911 
0.76 3.48476 1.62431 3.53312 -3.53612 
0.765 3.50243 1.60663 3.52094 -3.57295 
0.77 3.52004 1.58877 3.50874 -3.60961 
0.775 3.53758 1.57072 3.49655 -3.64611 
0.78 3.55506 1.55249 3.48436 -3.68243 
0.785 3.57248 1.53408 3.47217 -3.71857 
0.79 3.58984 1.51548 3.45998 -3.75455 
0.795 3.60714 1.49671 3.44779 -3.79035 
0.8 3.62438 1.47776 3.43559 -3.82598 
0.805 3.64156 1.45863 3.4234 -3.86144 
0.81 3.65868 1.43932 3.41121 -3.89672 
0.815 3.67573 1.41984 3.39901 -3.93182 
0.82 3.69273 1.40018 3.38682 -3.96675 
0.825 3.70966 1.38035 3.37463 -4.0015 
0.83 3.72654 1.36034 3.36244 -4.03608 
0.835 3.74335 1.34016 3.35025 -4.07048 
0.84 3.7601 1.31981 3.33805 -4.1047 
0.845 3.77679 1.29928 3.32587 -4.13875 
0.85 3.79342 1.27859 3.31368 -4.17261 
0.855 3.80999 1.25773 3.30149 -4.2063 
0.86 3.8265 1.23669 3.28931 -4.23981 
0.865 3.84294 1.2155 3.27712 -4.27314 
0.87 3.85933 1.19413 3.26494 -4.30629 
0.875 3.87565 1.1726 3.25277 -4.33926 
0.88 3.89192 1.1509 3.24059 -4.37205 
0.885 3.90812 1.12904 3.22842 -4.40467 
0.89 3.92426 1.10702 3.21625 -4.4371 
0.895 3.94034 1.08483 3.20409 -4.46935 
0.9 3.95636 1.06249 3.19192 -4.50142 
0.905 3.97232 1.03998 3.17977 -4.53331 
0.91 3.98822 1.01731 3.16761 -4.56501 
0.915 4.00406 0.994487 3.15547 -4.59654 
0.92 4.01984 0.971505 3.14332 -4.62789 
0.925 4.03555 0.948365 3.13119 -4.65905 
0.93 4.05121 0.92507 3.11906 -4.69003 
0.935 4.0668 0.90162 3.10693 -4.72083 
0.94 4.08234 0.878016 3.09481 -4.75145 
0.945 4.09781 0.854258 3.0827 -4.78189 
0.95 4.11323 0.830349 3.07059 -4.81214 
0.955 4.12858 0.806288 3.0585 -4.84222 
0.96 4.14387 0.782077 3.04641 -4.87211 
0.965 4.1591 0.757717 3.03432 -4.90182 
0.97 4.17428 0.733207 3.02225 -4.93135 
0.975 4.18939 0.708551 3.01019 -4.9607 
0.98 4.20444 0.683747 2.99813 -4.98986 
0.985 4.21943 0.658798 2.98609 -5.01885 
0.99 4.23436 0.633704 2.97405 -5.04765 
0.995 4.24923 0.608465 2.96202 -5.07628 
1 4.26404 0.583084 2.95001 -5.10472 
1.005 4.27879 0.55756 2.938 -5.13298 
1.01 4.29348 0.531895 2.92601 -5.16106 
1.015 4.30811 0.50609 2.91403 -5.18896 
1.02 4.32268 0.480145 2.90206 -5.21668 
1.025 4.33719 0.454062 2.8901 -5.24422 
1.03 4.35164 0.427841 2.87816 -5.27158 
1.035 4.36603 0.401483 2.86623 -5.29876 
1.04 4.38036 0.374989 2.85431 -5.32576 
1.045 4.39463 0.34836 2.84241 -5.35258 
1.05 4.40885 0.321598 2.83052 -5.37923 
1.055 4.423 0.294701 2.81864 -5.40569 
1.06 4.43709 0.267673 2.80678 -5.43198 
1.065 4.45113 0.240513 2.79494 -5.45809 
1.07 4.4651 0.213223 2.78311 -5.48402 
1.075 4.47902 0.185802 2.7713 -5.50978 
1.08 4.49287 0.158254 2.7595 -5.53536 
1.085 4.50667 0.130577 2.74772 -5.56076 
1.09 4.52041 0.102773 2.73596 -5.58599 
1.095 4.53409 0.0748431 2.72421 -5.61104 
1.1 4.54771 0.0467878 2.71248 -5.63592 
1.105 4.56127 0.0186082 2.70077 -5.66062 
1.11 4.57478 -0.00969487 2.68908 -5.68515 
