0 0 1.7 6.002 4.02294 
0.005 0.03001 1.72011 5.97563 3.95623 
0.01 0.0598881 1.73989 5.94959 3.88996 
0.015 0.089636 1.75934 5.92387 3.82411 
0.02 0.119255 1.77846 5.89847 3.75868 
0.025 0.148748 1.79726 5.87339 3.69367 
0.03 0.178115 1.81573 5.84861 3.62905 
0.035 0.207358 1.83387 5.82413 3.56483 
0.04 0.236478 1.8517 5.79995 3.50099 
0.045 0.265478 1.8692 5.77605 3.43754 
0.05 0.294358 1.88639 5.75245 3.37446 
0.055 0.323121 1.90326 5.72912 3.31174 
0.06 0.351766 1.91982 5.70607 3.24938 
0.065 0.380297 1.93607 5.68328 3.18737 
0.07 0.408713 1.952 5.66077 3.12571 
0.075 0.437017 1.96763 5.63851 3.06439 
0.08 0.465209 1.98295 5.61651 3.0034 
0.085 0.493292 1.99797 5.59476 2.94273 
0.09 0.521266 2.01268 5.57325 2.88239 
0.095 0.549132 2.0271 5.55199 2.82236 
0.1 0.576892 2.04121 5.53096 2.76263 
0.105 0.604547 2.05502 5.51017 2.70322 
0.11 0.632097 2.06854 5.4896 2.64409 
0.115 0.659546 2.08176 5.46927 2.58526 
0.12 0.686892 2.09468 5.44915 2.52672 
0.125 0.714138 2.10732 5.42925 2.46846 
0.13 0.741284 2.11966 5.40956 2.41047 
0.135 0.768332 2.13171 5.39008 2.35276 
0.14 0.795282 2.14348 5.3708 2.29531 
0.145 0.822136 2.15495 5.35173 2.23813 
0.15 0.848895 2.16614 5.33285 2.1812 
0.155 0.875559 2.17705 5.31417 2.12453 
0.16 0.90213 2.18767 5.29567 2.0681 
0.165 0.928608 2.19801 5.27737 2.01192 
0.17 0.954995 2.20807 5.25924 1.95597 
0.175 0.981291 2.21785 5.2413 1.90027 
0.18 1.0075 2.22735 5.22353 1.84479 
0.185 1.03362 2.23658 5.20594 1.78955 
0.19 1.05964 2.24552 5.18851 1.73452 
0.195 1.08559 2.2542 5.17125 1.67972 
0.2 1.11144 2.2626 5.15415 1.62513 
0.205 1.13721 2.27072 5.13722 1.57076 
0.21 1.1629 2.27858 5.12044 1.51659 
0.215 1.1885 2.28616 5.10381 1.46264 
0.22 1.21402 2.29347 5.08733 1.40888 
0.225 1.23946 2.30052 5.071 1.35533 
0.23 1.26481 2.30729 5.05482 1.30197 
0.235 1.29009 2.3138 5.03877 1.2488 
0.24 1.31528 2.32005 5.02287 1.19583 
0.245 1.3404 2.32603 5.0071 1.14304 
0.25 1.36543 2.33174 4.99146 1.09044 
0.255 1.39039 2.33719 4.97596 1.03801 
0.26 1.41527 2.34238 4.96058 0.985773 
0.265 1.44007 2.34731 4.94532 0.933709 
0.27 1.4648 2.35198 4.93019 0.881818 
0.275 1.48945 2.35639 4.91517 0.830099 
0.28 1.51402 2.36054 4.90027 0.77855 
0.285 1.53853 2.36443 4.88549 0.727168 
0.29 1.56295 2.36807 4.87082 0.675951 
0.295 1.58731 2.37145 4.85625 0.624896 
0.3 1.61159 2.37457 4.8418 0.574003 
0.305 1.6358 2.37744 4.82744 0.523268 
0.31 1.65993 2.38006 4.81319 0.472689 
0.315 1.684 2.38242 4.79903 0.422266 
0.32 1.708 2.38453 4.78497 0.371996 
0.325 1.73192 2.38639 4.77101 0.321877 
0.33 1.75578 2.388 4.75714 0.271908 
0.335 1.77956 2.38936 4.74336 0.222087 
0.34 1.80328 2.39047 4.72966 0.172412 
0.345 1.82693 2.39134 4.71605 0.122883 
0.35 1.85051 2.39195 4.70252 0.0734971 
0.355 1.87402 2.39232 4.68907 0.0242536 
0.36 1.89746 2.39244 4.6757 -0.0248488 
0.365 1.92084 2.39231 4.66241 -0.0738114 
0.37 1.94416 2.39195 4.64919 -0.122635 
0.375 1.9674 2.39133 4.63604 -0.171322 
0.38 1.99058 2.39048 4.62296 -0.219872 
0.385 2.0137 2.38938 4.60995 -0.268286 
0.39 2.03675 2.38803 4.59701 -0.316566 
0.395 2.05973 2.38645 4.58413 -0.364712 
0.4 2.08265 2.38463 4.57131 -0.412726 
0.405 2.10551 2.38256 4.55855 -0.460607 
0.41 2.1283 2.38026 4.54585 -0.508357 
0.415 2.15103 2.37772 4.53321 -0.555977 
0.42 2.1737 2.37494 4.52062 -0.603466 
0.425 2.1963 2.37192 4.50808 -0.650826 
0.43 2.21884 2.36867 4.4956 -0.698056 
0.435 2.24132 2.36518 4.48316 -0.745159 
0.44 2.26373 2.36145 4.47077 -0.792133 
0.445 2.28609 2.35749 4.45843 -0.838979 
0.45 2.30838 2.3533 4.44613 -0.885698 
0.455 2.33061 2.34887 4.43388 -0.932289 
0.46 2.35278 2.34421 4.42166 -0.978754 
0.465 2.37489 2.33931 4.40948 -1.02509 
0.47 2.39694 2.33419 4.39735 -1.0713 
0.475 2.41892 2.32883 4.38524 -1.11739 
0.48 2.44085 2.32324 4.37318 -1.16335 
0.485 2.46271 2.31743 4.36114 -1.20918 
0.49 2.48452 2.31138 4.34914 -1.25489 
0.495 2.50627 2.30511 4.33717 -1.30046 
0.5 2.52795 2.29861 4.32523 -1.34592 
0.505 2.54958 2.29188 4.31332 -1.39124 
0.51 2.57114 2.28492 4.30143 -1.43644 
0.515 2.59265 2.27774 4.28957 -1.48151 
0.52 2.6141 2.27033 4.27773 -1.52646 
0.525 2.63549 2.2627 4.26592 -1.57128 
0.53 2.65682 2.25484 4.25413 -1.61597 
0.535 2.67809 2.24676 4.24236 -1.66053 
0.54 2.6993 2.23846 4.2306 -1.70496 
0.545 2.72045 2.22993 4.21887 -1.74927 
0.55 2.74155 2.22119 4.20715 -1.79344 
0.555 2.76258 2.21222 4.19545 -1.83749 
0.56 2.78356 2.20303 4.18377 -1.8814 
0.565 2.80448 2.19363 4.1721 -1.92519 
0.57 2.82534 2.184 4.16044 -1.96884 
0.575 2.84614 2.17416 4.1488 -2.01237 
0.58 2.86689 2.16409 4.13717 -2.05576 
0.585 2.88757 2.15381 4.12554 -2.09902 
0.59 2.9082 2.14332 4.11393 -2.14214 
0.595 2.92877 2.13261 4.10233 -2.18513 
0.6 2.94928 2.12168 4.09074 -2.22799 
0.605 2.96973 2.11054 4.07915 -2.27071 
0.61 2.99013 2.09919 4.06757 -2.3133 
0.615 3.01047 2.08762 4.056 -2.35575 
0.62 3.03075 2.07584 4.04443 -2.39807 
0.625 3.05097 2.06385 4.03287 -2.44024 
0.63 3.07113 2.05165 4.02131 -2.48228 
0.635 3.09124 2.03924 4.00975 -2.52418 
0.64 3.11129 2.02662 3.9982 -2.56594 
0.645 3.13128 2.01379 3.98665 -2.60756 
0.65 3.15121 2.00075 3.9751 -2.64905 
0.655 3.17109 1.98751 3.96356 -2.69038 
0.66 3.19091 1.97406 3.95201 -2.73158 
0.665 3.21067 1.9604 3.94047 -2.77263 
0.67 3.23037 1.94653 3.92892 -2.81354 
0.675 3.25001 1.93247 3.91738 -2.85431 
0.68 3.2696 1.9182 3.90583 -2.89493 
0.685 3.28913 1.90372 3.89428 -2.93541 
0.69 3.3086 1.88904 3.88274 -2.97574 
0.695 3.32802 1.87417 3.87119 -3.01592 
0.7 3.34737 1.85909 3.85964 -3.05595 
0.705 3.36667 1.84381 3.84808 -3.09584 
0.71 3.38591 1.82833 3.83653 -3.13557 
0.715 3.40509 1.81265 3.82497 -3.17516 
0.72 3.42422 1.79677 3.81341 -3.21459 
0.725 3.44328 1.7807 3.80184 -3.25388 
0.73 3.46229 1.76443 3.79027 -3.29301 
0.735 3.48125 1.74797 3.7787 -3.33199 
0.74 3.50014 1.73131 3.76713 -3.37082 
0.745 3.51897 1.71445 3.75555 -3.40949 
0.75 3.53775 1.6974 3.74396 -3.44801 
0.755 3.55647 1.68016 3.73238 -3.48637 
0.76 3.57513 1.66273 3.72078 -3.52458 
0.765 3.59374 1.64511 3.70919 -3.56262 
0.77 3.61228 1.6273 3.69759 -3.60052 
0.775 3.63077 1.60929 3.68599 -3.63825 
0.78 3.6492 1.5911 3.67438 -3.67583 
0.785 3.66757 1.57272 3.66277 -3.71324 
0.79 3.68589 1.55416 3.65115 -3.7505 
0.795 3.70414 1.5354 3.63953 -3.7876 
0.8 3.72234 1.51647 3.6279 -3.82453 
0.805 3.74048 1.49734 3.61628 -3.86131 
0.81 3.75856 1.47804 3.60464 -3.89792 
0.815 3.77658 1.45855 3.59301 -3.93437 
0.82 3.79455 1.43888 3.58137 -3.97065 
0.825 3.81246 1.41902 3.56972 -4.00678 
0.83 3.83031 1.39899 3.55807 -4.04274 
0.835 3.8481 1.37877 3.54642 -4.07853 
0.84 3.86583 1.35838 3.53477 -4.11416 
0.845 3.8835 1.33781 3.52311 -4.14963 
0.85 3.90112 1.31706 3.51145 -4.18492 
0.855 3.91867 1.29614 3.49978 -4.22006 
0.86 3.93617 1.27504 3.48812 -4.25502 
0.865 3.95361 1.25376 3.47645 -4.28982 
0.87 3.971 1.23231 3.46477 -4.32445 
0.875 3.98832 1.21069 3.4531 -4.35891 
0.88 4.00559 1.1889 3.44142 -4.39321 
0.885 4.02279 1.16693 3.42975 -4.42733 
0.89 4.03994 1.14479 3.41807 -4.46129 
0.895 4.05703 1.12249 3.40639 -4.49508 
0.9 4.07406 1.10001 3.3947 -4.52869 
0.905 4.09104 1.07737 3.38302 -4.56214 
0.91 4.10795 1.05456 3.37134 -4.59542 
0.915 4.12481 1.03158 3.35965 -4.62853 
0.92 4.14161 1.00844 3.34797 -4.66146 
0.925 4.15835 0.985132 3.33629 -4.69423 
0.93 4.17503 0.961661 3.3246 -4.72682 
0.935 4.19165 0.938027 3.31292 -4.75925 
0.94 4.20822 0.91423 3.30124 -4.7915 
0.945 4.22472 0.890273 3.28956 -4.82358 
0.95 4.24117 0.866155 3.27788 -4.85549 
0.955 4.25756 0.841877 3.26621 -4.88723 
0.96 4.27389 0.817441 3.25453 -4.91879 
0.965 4.29016 0.792847 3.24286 -4.95018 
0.97 4.30638 0.768096 3.23119 -4.9814 
0.975 4.32253 0.743189 3.21952 -5.01245 
0.98 4.33863 0.718127 3.20786 -5.04333 
0.985 4.35467 0.692911 3.1962 -5.07403 
0.99 4.37065 0.66754 3.18455 -5.10456 
0.995 4.38657 0.642018 3.1729 -5.13492 
1 4.40244 0.616343 3.16125 -5.16511 
1.005 4.41824 0.590517 3.14961 -5.19512 
1.01 4.43399 0.564542 3.13798 -5.22497 
1.015 4.44968 0.538417 3.12635 -5.25464 
1.02 4.46531 0.512144 3.11472 -5.28413 
1.025 4.48089 0.485723 3.10311 -5.31346 
1.03 4.4964 0.459156 3.0915 -5.34261 
1.035 4.51186 0.432443 3.07989 -5.37159 
1.04 4.52726 0.405585 3.0683 -5.4004 
1.045 4.5426 0.378583 3.05671 -5.42904 
1.05 4.55789 0.351438 3.04513 -5.4575 
1.055 4.57311 0.32415 3.03356 -5.4858 
1.06 4.58828 0.296721 3.022 -5.51392 
1.065 4.60339 0.269151 3.01044 -5.54187 
1.07 4.61844 0.241442 2.9989 -5.56965 
1.075 4.63344 0.213594 2.98736 -5.59726 
1.08 4.64837 0.185607 2.97584 -5.6247 
1.085 4.66325 0.157484 2.96432 -5.65197 
1.09 4.67807 0.129224 2.95282 -5.67907 
1.095 4.69284 0.100829 2.94133 -5.706 
1.1 4.70754 0.0722987 2.92985 -5.73276 
1.105 4.72219 0.0436349 2.91838 -5.75935 
1.11 4.73679 0.0148381 2.90692 -5.78578 
1.115 4.75132 -0.0140907 2.89547 -5.81203 
