0 0 1.8 6 4 
0.005 0.03 1.82 5.97837 3.93654 
0.01 0.0598918 1.83968 5.95697 3.87342 
0.015 0.0896767 1.85905 5.93581 3.81063 
0.02 0.119356 1.8781 5.91487 3.74815 
0.025 0.14893 1.89684 5.89416 3.686 
0.03 0.178401 1.91527 5.87367 3.62415 
0.035 0.207769 1.93339 5.85341 3.56261 
0.04 0.237036 1.95121 5.83335 3.50137 
0.045 0.266203 1.96871 5.81351 3.44043 
0.05 0.295271 1.98592 5.79387 3.37978 
0.055 0.32424 2.00282 5.77444 3.31941 
0.06 0.353112 2.01941 5.75521 3.25932 
0.065 0.381888 2.03571 5.73618 3.19951 
0.07 0.410569 2.05171 5.71734 3.13997 
0.075 0.439156 2.06741 5.69869 3.08069 
0.08 0.467649 2.08281 5.68023 3.02168 
0.085 0.49605 2.09792 5.66196 2.96293 
0.09 0.52436 2.11273 5.64387 2.90443 
0.095 0.55258 2.12726 5.62596 2.84618 
0.1 0.580709 2.14149 5.60822 2.78817 
0.105 0.60875 2.15543 5.59066 2.73041 
0.11 0.636704 2.16908 5.57327 2.67288 
0.115 0.66457 2.18244 5.55604 2.61559 
0.12 0.69235 2.19552 5.53898 2.55852 
0.125 0.720045 2.20831 5.52209 2.50168 
0.13 0.747656 2.22082 5.50535 2.44507 
0.135 0.775182 2.23305 5.48877 2.38867 
0.14 0.802626 2.24499 5.47234 2.33249 
0.145 0.829988 2.25665 5.45606 2.27652 
0.15 0.857268 2.26804 5.43993 2.22075 
0.155 0.884468 2.27914 5.42395 2.16519 
0.16 0.911588 2.28997 5.40811 2.10984 
0.165 0.938628 2.30051 5.39242 2.05468 
0.17 0.96559 2.31079 5.37686 1.99972 
0.175 0.992475 2.32079 5.36143 1.94495 
0.18 1.01928 2.33051 5.34615 1.89037 
0.185 1.04601 2.33996 5.33099 1.83598 
0.19 1.07267 2.34914 5.31596 1.78177 
0.195 1.09925 2.35805 5.30106 1.72774 
0.2 1.12575 2.36669 5.28628 1.67389 
0.205 1.15218 2.37506 5.27162 1.62022 
0.21 1.17854 2.38316 5.25709 1.56672 
0.215 1.20483 2.391 5.24267 1.51339 
0.22 1.23104 2.39856 5.22836 1.46022 
0.225 1.25718 2.40586 5.21417 1.40723 
0.23 1.28325 2.4129 5.20009 1.35439 
0.235 1.30925 2.41967 5.18612 1.30172 
0.24 1.33518 2.42618 5.17226 1.24921 
0.245 1.36105 2.43243 5.15849 1.19685 
0.25 1.38684 2.43841 5.14484 1.14465 
0.255 1.41256 2.44413 5.13128 1.0926 
0.26 1.43822 2.4496 5.11782 1.0407 
0.265 1.46381 2.4548 5.10445 0.98895 
0.27 1.48933 2.45974 5.09118 0.937345 
0.275 1.51479 2.46443 5.07801 0.885886 
0.28 1.54018 2.46886 5.06492 0.834569 
0.285 1.5655 2.47303 5.05192 0.783394 
0.29 1.59076 2.47695 5.03901 0.732358 
0.295 1.61596 2.48061 5.02618 0.681461 
0.3 1.64109 2.48402 5.01343 0.630699 
0.305 1.66615 2.48717 5.00076 0.580072 
0.31 1.69116 2.49007 4.98818 0.529579 
0.315 1.7161 2.49272 4.97566 0.479218 
0.32 1.74098 2.49512 4.96323 0.428987 
0.325 1.76579 2.49726 4.95087 0.378885 
0.33 1.79055 2.49916 4.93857 0.328911 
0.335 1.81524 2.5008 4.92635 0.279064 
0.34 1.83987 2.5022 4.9142 0.229342 
0.345 1.86444 2.50334 4.90211 0.179745 
0.35 1.88895 2.50424 4.89009 0.13027 
0.355 1.9134 2.50489 4.87813 0.0809185 
0.36 1.93779 2.5053 4.86623 0.0316879 
0.365 1.96213 2.50546 4.85439 -0.0174225 
0.37 1.9864 2.50537 4.8426 -0.0664134 
0.375 2.01061 2.50504 4.83088 -0.115286 
0.38 2.03476 2.50446 4.81921 -0.164041 
0.385 2.05886 2.50364 4.80759 -0.212678 
0.39 2.0829 2.50258 4.79602 -0.2612 
0.395 2.10688 2.50127 4.7845 -0.309606 
0.4 2.1308 2.49972 4.77303 -0.357897 
0.405 2.15467 2.49793 4.76161 -0.406074 
0.41 2.17847 2.4959 4.75023 -0.454137 
0.415 2.20223 2.49363 4.7389 -0.502086 
0.42 2.22592 2.49112 4.72761 -0.549923 
0.425 2.24956 2.48837 4.71635 -0.597648 
0.43 2.27314 2.48538 4.70514 -0.64526 
0.435 2.29667 2.48216 4.69397 -0.692761 
0.44 2.32014 2.47869 4.68284 -0.740151 
0.445 2.34355 2.47499 4.67173 -0.78743 
0.45 2.36691 2.47106 4.66067 -0.834598 
0.455 2.39021 2.46688 4.64963 -0.881655 
0.46 2.41346 2.46248 4.63863 -0.928602 
0.465 2.43665 2.45783 4.62766 -0.975439 
0.47 2.45979 2.45296 4.61672 -1.02217 
0.475 2.48287 2.44784 4.6058 -1.06878 
0.48 2.5059 2.4425 4.59491 -1.11529 
0.485 2.52888 2.43692 4.58405 -1.16169 
0.49 2.5518 2.43112 4.57321 -1.20797 
0.495 2.57466 2.42508 4.5624 -1.25415 
0.5 2.59748 2.4188 4.5516 -1.30021 
0.505 2.62023 2.4123 4.54083 -1.34617 
0.51 2.64294 2.40557 4.53008 -1.39202 
0.515 2.66559 2.39861 4.51934 -1.43775 
0.52 2.68819 2.39142 4.50863 -1.48337 
0.525 2.71073 2.38401 4.49793 -1.52889 
0.53 2.73322 2.37636 4.48724 -1.57429 
0.535 2.75565 2.36849 4.47657 -1.61958 
0.54 2.77804 2.36039 4.46592 -1.66476 
0.545 2.80037 2.35207 4.45527 -1.70982 
0.55 2.82264 2.34352 4.44464 -1.75478 
0.555 2.84487 2.33475 4.43402 -1.79962 
0.56 2.86704 2.32575 4.42342 -1.84434 
0.565 2.88915 2.31653 4.41282 -1.88896 
0.57 2.91122 2.30708 4.40222 -1.93346 
0.575 2.93323 2.29741 4.39164 -1.97784 
0.58 2.95519 2.28753 4.38107 -2.02211 
0.585 2.97709 2.27741 4.3705 -2.06627 
0.59 2.99895 2.26708 4.35993 -2.11031 
0.595 3.02074 2.25653 4.34937 -2.15423 
0.6 3.04249 2.24576 4.33882 -2.19803 
0.605 3.06419 2.23477 4.32827 -2.24172 
0.61 3.08583 2.22356 4.31772 -2.28529 
0.615 3.10742 2.21214 4.30717 -2.32874 
0.62 3.12895 2.20049 4.29663 -2.37208 
0.625 3.15043 2.18863 4.28608 -2.41529 
0.63 3.17187 2.17656 4.27554 -2.45838 
0.635 3.19324 2.16426 4.26499 -2.50135 
0.64 3.21457 2.15176 4.25445 -2.5442 
0.645 3.23584 2.13904 4.24391 -2.58693 
0.65 3.25706 2.1261 4.23336 -2.62953 
0.655 3.27823 2.11295 4.22281 -2.67201 
0.66 3.29934 2.09959 4.21226 -2.71437 
0.665 3.3204 2.08602 4.20171 -2.7566 
0.67 3.34141 2.07224 4.19115 -2.79871 
0.675 3.36237 2.05824 4.18059 -2.84069 
0.68 3.38327 2.04404 4.17002 -2.88254 
0.685 3.40412 2.02963 4.15945 -2.92427 
0.69 3.42492 2.01501 4.14888 -2.96587 
0.695 3.44566 2.00018 4.1383 -3.00734 
0.7 3.46635 1.98514 4.12771 -3.04868 
0.705 3.48699 1.9699 4.11712 -3.08989 
0.71 3.50758 1.95445 4.10653 -3.13097 
0.715 3.52811 1.93879 4.09592 -3.17192 
0.72 3.54859 1.92293 4.08531 -3.21274 
0.725 3.56902 1.90687 4.0747 -3.25342 
0.73 3.58939 1.8906 4.06407 -3.29398 
0.735 3.60971 1.87413 4.05344 -3.33439 
0.74 3.62998 1.85746 4.04281 -3.37468 
0.745 3.65019 1.84059 4.03216 -3.41482 
0.75 3.67035 1.82351 4.02151 -3.45483 
0.755 3.69046 1.80624 4.01085 -3.49471 
0.76 3.71051 1.78877 4.00018 -3.53445 
0.765 3.73051 1.77109 3.9895 -3.57405 
0.77 3.75046 1.75322 3.97882 -3.61351 
0.775 3.77036 1.73516 3.96813 -3.65283 
0.78 3.7902 1.71689 3.95743 -3.69201 
0.785 3.80998 1.69843 3.94672 -3.73106 
0.79 3.82972 1.67978 3.936 -3.76996 
0.795 3.8494 1.66093 3.92527 -3.80872 
0.8 3.86902 1.64188 3.91454 -3.84733 
0.805 3.8886 1.62265 3.9038 -3.88581 
0.81 3.90811 1.60322 3.89304 -3.92414 
0.815 3.92758 1.5836 3.88228 -3.96233 
0.82 3.94699 1.56379 3.87152 -4.00037 
0.825 3.96635 1.54378 3.86074 -4.03827 
0.83 3.98565 1.52359 3.84996 -4.07602 
0.835 4.0049 1.50321 3.83916 -4.11363 
0.84 4.0241 1.48264 3.82836 -4.15109 
0.845 4.04324 1.46189 3.81755 -4.1884 
0.85 4.06233 1.44095 3.80673 -4.22557 
0.855 4.08136 1.41982 3.79591 -4.26258 
0.86 4.10034 1.39851 3.78508 -4.29945 
0.865 4.11927 1.37701 3.77424 -4.33617 
0.87 4.13814 1.35533 3.76339 -4.37274 
0.875 4.15695 1.33346 3.75253 -4.40916 
0.88 4.17572 1.31142 3.74167 -4.44543 
0.885 4.19443 1.28919 3.7308 -4.48155 
0.89 4.21308 1.26678 3.71992 -4.51751 
0.895 4.23168 1.2442 3.70904 -4.55333 
0.9 4.25022 1.22143 3.69814 -4.58899 
0.905 4.26872 1.19848 3.68725 -4.6245 
0.91 4.28715 1.17536 3.67634 -4.65986 
0.915 4.30553 1.15206 3.66543 -4.69506 
0.92 4.32386 1.12859 3.65452 -4.73011 
0.925 4.34213 1.10494 3.64359 -4.76501 
0.93 4.36035 1.08111 3.63267 -4.79975 
0.935 4.37851 1.05711 3.62173 -4.83434 
0.94 4.39662 1.03294 3.61079 -4.86877 
0.945 4.41468 1.0086 3.59985 -4.90305 
0.95 4.43268 0.984081 3.5889 -4.93717 
0.955 4.45062 0.959396 3.57795 -4.97114 
0.96 4.46851 0.93454 3.56699 -5.00495 
0.965 4.48635 0.909515 3.55603 -5.0386 
0.97 4.50413 0.884322 3.54506 -5.0721 
0.975 4.52185 0.858962 3.5341 -5.10543 
0.98 4.53952 0.833435 3.52312 -5.13862 
0.985 4.55714 0.807741 3.51215 -5.17164 
0.99 4.5747 0.781883 3.50117 -5.20451 
0.995 4.5922 0.755861 3.49019 -5.23722 
1 4.60965 0.729675 3.47921 -5.26977 
1.005 4.62705 0.703326 3.46822 -5.30217 
1.01 4.64439 0.676815 3.45724 -5.33441 
1.015 4.66168 0.650143 3.44625 -5.36648 
1.02 4.67891 0.62331 3.43526 -5.3984 
1.025 4.69609 0.596318 3.42427 -5.43017 
1.03 4.71321 0.569168 3.41328 -5.46177 
1.035 4.73027 0.541859 3.40228 -5.49321 
1.04 4.74728 0.514393 3.39129 -5.5245 
1.045 4.76424 0.48677 3.3803 -5.55563 
1.05 4.78114 0.458992 3.36931 -5.5866 
1.055 4.79799 0.431059 3.35832 -5.61741 
1.06 4.81478 0.402972 3.34733 -5.64806 
1.065 4.83152 0.374732 3.33634 -5.67855 
1.07 4.8482 0.346339 3.32535 -5.70888 
1.075 4.86483 0.317795 3.31437 -5.73906 
1.08 4.8814 0.289099 3.30339 -5.76907 
1.085 4.89791 0.260254 3.2924 -5.79893 
1.09 4.91438 0.231259 3.28143 -5.82863 
1.095 4.93078 0.202116 3.27045 -5.85817 
1.1 4.94714 0.172825 3.25948 -5.88755 
1.105 4.96343 0.143388 3.24851 -5.91677 
1.11 4.97968 0.113804 3.23755 -5.94584 
1.115 4.99586 0.0840745 3.22659 -5.97474 
1.12 5.012 0.0542008 3.21564 -6.00349 
1.125 5.02807 0.0241833 3.20469 -6.03208 
1.13 5.0441 -0.0059771 3.19374 -6.06051 
